3
79
28.0
95.0
128.0
40.0
64.0
94.0
60.0
111.0
80.0
101.0
111.0
88.0
76.0
39.0
65.0
27.0
77.0
66.0
66.0
109.0
19.0
151.0
95.0
74.0
76.0
132.0
18.0
117.0
135.0
119.0
11.0
63.0
103.0
98.0
93.0
33.0
14.0
125.0
111.0
49.0
77.0
100.0
101.0
68.0
110.0
16.0
109.0
89.0
147.0
131.0
8.0
85.0
85.0
48.0
138.0
60.0
142.0
99.0
120.0
75.0
68.0
63.0
121.0
124.0
15.0
55.0
43.0
110.0
122.0
50.0
75.0
118.0
68.0
43.0
147.0
101.0
126.0
127.0
11.0
39.0
40.0
69.0
61.0
99.0
55.0
48.0
41.0
54.0
63.0
100.0
74.0
73.0
41.0
29.0
61.0
100.0
87.0
43.0
89.0
74.0
92.0
87.0
61.0
35.0
55.0
62.0
72.0
90.0
62.0
97.0
109.0
33.0
110.0
99.0
73.0
9.0
20.0
56.0
71.0
109.0
24.0
94.0
54.0
82.0
37.0
69.0
64.0
68.0
110.0
73.0
86.0
40.0
49.0
59.0
63.0
23.0
72.0
87.0
82.0
72.0
70.0
93.0
80.0
50.0
73.0
70.0
8.0
54.0
61.0
87.0
48.0
77.0
16.0
23.0
82.0
108.0
55.0
36.0
0.7285154461860657
0.6774460673332214
0.605405330657959
0.5751985907554626
0.5538859367370605
0.532200038433075
0.5295090079307556
0.505073070526123
0.48229318857192993
0.4697854220867157
0.4431817829608917
0.4370857775211334
0.43313899636268616
0.40613871812820435
0.40080326795578003
0.4007973074913025
0.38588806986808777
0.3725743591785431
0.3709210455417633
0.3585764467716217
0.3541651964187622
0.35072973370552063
0.34290143847465515
0.3402012288570404
0.3324158787727356
0.3307483196258545
0.32936689257621765
0.3192923069000244
0.3104919195175171
0.31036460399627686
0.3074135184288025
0.2976531982421875
0.2914244830608368
0.2863410711288452
0.2844998836517334
0.28324779868125916
0.2706432044506073
0.2690353989601135
0.26089754700660706
0.24133124947547913
0.2268514335155487
0.2132529616355896
0.20836684107780457
0.20084355771541595
0.19925819337368011
0.1946209818124771
0.18378226459026337
0.1794458031654358
0.17681759595870972
0.14523553848266602
0.14239275455474854
0.13737699389457703
0.13030119240283966
0.12203634530305862
0.1107284426689148
0.10954435914754868
0.10941001772880554
0.10667745769023895
0.10400095582008362
0.10070008784532547
0.0928206592798233
0.08541752398014069
0.0738569051027298
0.06252028793096542
0.056989457458257675
0.05346996337175369
0.05213388055562973
0.038732048124074936
0.038703858852386475
0.03821111097931862
0.03594152256846428
0.02870742790400982
0.028360465541481972
0.02485036849975586
0.02210809290409088
0.020892756059765816
0.019923122599720955
0.0164954774081707
0.016096001490950584
