3
79
70.0
97.0
114.0
131.0
79.0
114.0
32.0
122.0
68.0
98.0
114.0
99.0
104.0
80.0
14.0
53.0
70.0
43.0
78.0
39.0
106.0
80.0
32.0
71.0
112.0
22.0
17.0
125.0
105.0
11.0
83.0
89.0
96.0
91.0
121.0
68.0
64.0
44.0
92.0
139.0
114.0
127.0
20.0
63.0
113.0
79.0
18.0
10.0
32.0
105.0
67.0
135.0
23.0
114.0
72.0
141.0
141.0
148.0
53.0
111.0
51.0
47.0
130.0
126.0
19.0
125.0
11.0
124.0
48.0
57.0
88.0
60.0
101.0
137.0
53.0
151.0
13.0
88.0
88.0
47.0
59.0
105.0
74.0
40.0
12.0
44.0
66.0
34.0
45.0
46.0
92.0
68.0
104.0
86.0
75.0
92.0
65.0
66.0
78.0
38.0
78.0
65.0
59.0
93.0
66.0
101.0
99.0
99.0
62.0
59.0
91.0
104.0
78.0
76.0
103.0
53.0
46.0
68.0
95.0
61.0
26.0
14.0
67.0
74.0
87.0
41.0
77.0
56.0
29.0
75.0
60.0
77.0
87.0
76.0
67.0
60.0
28.0
53.0
56.0
58.0
16.0
60.0
86.0
54.0
59.0
111.0
93.0
21.0
95.0
45.0
76.0
81.0
106.0
22.0
73.0
41.0
51.0
59.0
0.832209587097168
0.6072502136230469
0.5744455456733704
0.5521363019943237
0.5462648272514343
0.544157087802887
0.5282333493232727
0.49568912386894226
0.4892675280570984
0.4851522743701935
0.4780750274658203
0.4517802894115448
0.4363479018211365
0.43199387192726135
0.4220789074897766
0.41433340311050415
0.40630531311035156
0.3997647762298584
0.3954148292541504
0.3857755959033966
0.3762177526950836
0.3706681430339813
0.36626484990119934
0.36269399523735046
0.3547985553741455
0.3321162164211273
0.32982075214385986
0.31441959738731384
0.31411466002464294
0.2897217869758606
0.2893580198287964
0.2820035219192505
0.280790776014328
0.2805897295475006
0.27568909525871277
0.26256290078163147
0.25743910670280457
0.2573128342628479
0.24965433776378632
0.24544845521450043
0.2356329709291458
0.22784875333309174
0.21797288954257965
0.21445287764072418
0.20827580988407135
0.20634441077709198
0.19851942360401154
0.19827976822853088
0.16118589043617249
0.15076902508735657
0.1498643159866333
0.14578136801719666
0.12901118397712708
0.11360357701778412
0.11041081696748734
0.10572350770235062
0.08437781780958176
0.0706731304526329
0.06390165537595749
0.062161773443222046
0.05978597328066826
0.058339882642030716
0.0580207034945488
0.05608358234167099
0.054561298340559006
0.048588450998067856
0.04838031530380249
0.04130222275853157
0.0391538180410862
0.03110400401055813
0.02979985438287258
0.0291477981954813
0.02806825004518032
0.024508874863386154
0.02227051928639412
0.01971130445599556
0.01905907317996025
0.015545829199254513
0.01529296301305294
