3
79
132.0
104.0
142.0
37.0
77.0
86.0
75.0
69.0
67.0
105.0
106.0
114.0
37.0
70.0
98.0
120.0
54.0
130.0
48.0
68.0
57.0
113.0
147.0
52.0
56.0
124.0
99.0
69.0
97.0
50.0
73.0
106.0
84.0
85.0
120.0
87.0
27.0
88.0
112.0
89.0
111.0
142.0
151.0
83.0
134.0
137.0
119.0
40.0
97.0
137.0
16.0
92.0
104.0
18.0
123.0
60.0
108.0
50.0
122.0
20.0
135.0
58.0
83.0
77.0
72.0
97.0
25.0
37.0
90.0
150.0
131.0
25.0
26.0
128.0
109.0
99.0
124.0
52.0
119.0
52.0
81.0
60.0
34.0
47.0
67.0
35.0
41.0
107.0
107.0
46.0
21.0
56.0
83.0
67.0
75.0
95.0
63.0
35.0
94.0
67.0
55.0
44.0
107.0
77.0
30.0
56.0
56.0
30.0
56.0
20.0
30.0
55.0
27.0
95.0
95.0
56.0
108.0
89.0
46.0
12.0
107.0
82.0
76.0
88.0
73.0
83.0
63.0
47.0
8.0
53.0
84.0
93.0
63.0
46.0
57.0
64.0
9.0
61.0
32.0
43.0
44.0
81.0
65.0
65.0
38.0
44.0
43.0
32.0
98.0
80.0
32.0
64.0
93.0
74.0
94.0
107.0
63.0
41.0
0.749107837677002
0.6544311046600342
0.6532844305038452
0.5811529755592346
0.5805798172950745
0.5718521475791931
0.5573599934577942
0.5432853698730469
0.520949125289917
0.49598684906959534
0.4946271777153015
0.48019176721572876
0.4766080379486084
0.46374866366386414
0.4630129933357239
0.45625418424606323
0.42234140634536743
0.42219996452331543
0.40564361214637756
0.40461820363998413
0.40122857689857483
0.38755637407302856
0.35593554377555847
0.352469265460968
0.35136643052101135
0.3491840362548828
0.34736350178718567
0.33687469363212585
0.3236727714538574
0.3176674544811249
0.31601229310035706
0.3107570707798004
0.30482399463653564
0.2974109649658203
0.2913097143173218
0.27772414684295654
0.2704043984413147
0.2593943476676941
0.25558364391326904
0.2544080317020416
0.24668245017528534
0.23365455865859985
0.22097544372081757
0.21226730942726135
0.20496149361133575
0.20402389764785767
0.20025095343589783
0.20007996261119843
0.19744601845741272
0.19313015043735504
0.18301744759082794
0.17536552250385284
0.17449919879436493
0.16936136782169342
0.1621973216533661
0.14545708894729614
0.14307893812656403
0.1407802551984787
0.13486620783805847
0.12936757504940033
0.11878963559865952
0.10997158288955688
0.10864400118589401
0.09337680786848068
0.0824863612651825
0.07793190330266953
0.07535979151725769
0.06324167549610138
0.06001841276884079
0.04506613686680794
0.039205558598041534
0.03220892697572708
0.029918190091848373
0.02883821725845337
0.02679484523832798
0.02232339233160019
0.01592593640089035
0.01573309302330017
0.0156771931797266
