3
78
41.0
96.0
112.0
111.0
102.0
129.0
66.0
29.0
65.0
29.0
61.0
95.0
104.0
110.0
89.0
50.0
67.0
78.0
81.0
118.0
119.0
96.0
77.0
89.0
67.0
41.0
61.0
136.0
19.0
113.0
75.0
77.0
122.0
13.0
35.0
16.0
85.0
22.0
8.0
100.0
9.0
125.0
17.0
94.0
76.0
102.0
112.0
52.0
139.0
9.0
110.0
124.0
64.0
68.0
143.0
149.0
44.0
133.0
69.0
121.0
112.0
50.0
99.0
122.0
76.0
151.0
29.0
16.0
86.0
148.0
42.0
51.0
8.0
99.0
98.0
127.0
128.0
30.0
64.0
43.0
103.0
10.0
66.0
72.0
32.0
42.0
102.0
64.0
51.0
58.0
36.0
91.0
76.0
74.0
46.0
102.0
57.0
74.0
64.0
90.0
76.0
66.0
90.0
44.0
65.0
93.0
64.0
45.0
64.0
38.0
97.0
100.0
77.0
13.0
90.0
77.0
61.0
28.0
86.0
24.0
40.0
102.0
86.0
97.0
59.0
64.0
63.0
76.0
72.0
83.0
73.0
57.0
26.0
71.0
19.0
58.0
75.0
90.0
85.0
53.0
74.0
56.0
91.0
95.0
52.0
55.0
43.0
25.0
8.0
21.0
40.0
85.0
111.0
111.0
58.0
97.0
0.6286529898643494
0.5860512256622314
0.548169732093811
0.5476545095443726
0.5322691798210144
0.5300207734107971
0.5206314325332642
0.519168496131897
0.4944359064102173
0.4850413501262665
0.48024120926856995
0.46738725900650024
0.45187869668006897
0.4402543008327484
0.41565367579460144
0.3767356276512146
0.36121928691864014
0.35280361771583557
0.3517799973487854
0.34993743896484375
0.3458351194858551
0.33713024854660034
0.3307952284812927
0.3159860372543335
0.31489789485931396
0.30732157826423645
0.30624476075172424
0.3044212758541107
0.29680848121643066
0.29247280955314636
0.2857212424278259
0.2853357791900635
0.28207528591156006
0.2785167396068573
0.27393510937690735
0.2588503360748291
0.2513023912906647
0.23208263516426086
0.22672738134860992
0.22410105168819427
0.21165074408054352
0.20958355069160461
0.19381509721279144
0.18383580446243286
0.17579489946365356
0.17476600408554077
0.14143559336662292
0.13308319449424744
0.13152427971363068
0.1267407238483429
0.10949645936489105
0.10846956819295883
0.10593441873788834
0.10138200223445892
0.09379096329212189
0.0893656313419342
0.08485765010118484
0.08429021388292313
0.08340659737586975
0.08331070840358734
0.07660095393657684
0.07416141778230667
0.0713505670428276
0.06861228495836258
0.06164448335766792
0.05827824026346207
0.05321338772773743
0.035500362515449524
0.034265123307704926
0.031272340565919876
0.029880324378609657
0.02977081388235092
0.025406237691640854
0.023280220106244087
0.022527361288666725
0.0208118986338377
0.017049640417099
0.015393414534628391
