3
82
106.0
76.0
142.0
72.0
18.0
72.0
38.0
39.0
132.0
122.0
70.0
99.0
87.0
89.0
85.0
29.0
73.0
64.0
135.0
106.0
106.0
49.0
88.0
113.0
85.0
123.0
69.0
51.0
85.0
109.0
114.0
112.0
137.0
130.0
78.0
123.0
95.0
41.0
99.0
78.0
62.0
151.0
137.0
146.0
145.0
23.0
104.0
110.0
23.0
122.0
120.0
67.0
20.0
96.0
89.0
61.0
94.0
53.0
121.0
110.0
58.0
60.0
134.0
75.0
26.0
96.0
67.0
150.0
61.0
129.0
73.0
27.0
119.0
38.0
128.0
55.0
108.0
134.0
85.0
151.0
140.0
59.0
51.0
40.0
65.0
110.0
58.0
98.0
39.0
60.0
57.0
99.0
61.0
71.0
71.0
98.0
59.0
60.0
26.0
98.0
92.0
86.0
35.0
40.0
110.0
59.0
32.0
36.0
46.0
60.0
81.0
110.0
28.0
92.0
77.0
68.0
52.0
52.0
36.0
68.0
61.0
69.0
110.0
87.0
12.0
49.0
110.0
10.0
98.0
19.0
37.0
66.0
87.0
85.0
72.0
52.0
51.0
67.0
88.0
68.0
80.0
69.0
52.0
47.0
49.0
75.0
50.0
43.0
69.0
99.0
59.0
110.0
89.0
69.0
47.0
48.0
98.0
10.0
79.0
85.0
88.0
58.0
109.0
16.0
0.7687191963195801
0.6425131559371948
0.6220288276672363
0.6201415061950684
0.580997884273529
0.5798549652099609
0.5791612863540649
0.5501894950866699
0.5263944268226624
0.5156024694442749
0.5081320405006409
0.5053550601005554
0.4971369802951813
0.48360884189605713
0.4676894247531891
0.46549224853515625
0.4369300603866577
0.4333988130092621
0.43065303564071655
0.4258868396282196
0.40910017490386963
0.40851593017578125
0.3992929756641388
0.37832003831863403
0.37266308069229126
0.3711831271648407
0.3692953586578369
0.367651104927063
0.35005006194114685
0.347476601600647
0.3441271185874939
0.3391389846801758
0.31903207302093506
0.29277679324150085
0.2750342786312103
0.27492469549179077
0.2563408315181732
0.24546277523040771
0.24359644949436188
0.2357151210308075
0.23068347573280334
0.22872908413410187
0.2260904461145401
0.21865953505039215
0.21409118175506592
0.2015305906534195
0.19470280408859253
0.1918388456106186
0.18761387467384338
0.1728365272283554
0.17141832411289215
0.16909214854240417
0.16403575241565704
0.142347514629364
0.13594233989715576
0.11081698536872864
0.10699515789747238
0.09166479110717773
0.07696504890918732
0.07245463132858276
0.07176806032657623
0.0662846788764
0.05784783512353897
0.05686211213469505
0.055380403995513916
0.05510827898979187
0.0534219890832901
0.03987673670053482
0.03606031835079193
0.034283142536878586
0.031946562230587006
0.030032221227884293
0.02990676648914814
0.026596231386065483
0.024509944021701813
0.023531299084424973
0.01988362893462181
0.0185986515134573
0.01832561008632183
0.017617974430322647
0.017604738473892212
0.01609850861132145
