3
81
94.0
95.0
66.0
26.0
119.0
39.0
110.0
67.0
77.0
74.0
112.0
117.0
128.0
98.0
38.0
75.0
41.0
101.0
132.0
95.0
59.0
61.0
108.0
77.0
63.0
103.0
74.0
135.0
20.0
27.0
79.0
17.0
76.0
62.0
87.0
88.0
110.0
64.0
49.0
13.0
93.0
85.0
101.0
100.0
111.0
48.0
131.0
30.0
121.0
110.0
125.0
149.0
119.0
74.0
59.0
138.0
151.0
76.0
83.0
65.0
122.0
13.0
101.0
145.0
63.0
111.0
124.0
40.0
84.0
134.0
108.0
99.0
86.0
117.0
47.0
50.0
116.0
26.0
138.0
90.0
96.0
47.0
32.0
35.0
32.0
54.0
54.0
93.0
47.0
110.0
55.0
33.0
64.0
62.0
103.0
33.0
27.0
63.0
55.0
47.0
80.0
41.0
92.0
81.0
92.0
21.0
25.0
76.0
82.0
67.0
54.0
47.0
55.0
66.0
81.0
56.0
67.0
61.0
103.0
63.0
30.0
92.0
32.0
87.0
16.0
49.0
42.0
102.0
63.0
86.0
74.0
10.0
60.0
79.0
81.0
56.0
51.0
84.0
103.0
79.0
68.0
46.0
42.0
74.0
13.0
63.0
102.0
72.0
8.0
47.0
93.0
44.0
65.0
109.0
44.0
86.0
55.0
91.0
42.0
56.0
80.0
75.0
0.6752338409423828
0.6641892194747925
0.6639179587364197
0.6545082330703735
0.584808886051178
0.5059433579444885
0.4825156033039093
0.4712478816509247
0.4626305103302002
0.4495241641998291
0.43889158964157104
0.4357199966907501
0.4326048791408539
0.43255987763404846
0.41363322734832764
0.4120536148548126
0.4099947214126587
0.39271873235702515
0.39164677262306213
0.3822242319583893
0.3809782862663269
0.3791000247001648
0.3745570182800293
0.36983224749565125
0.3614956736564636
0.35051485896110535
0.32716697454452515
0.3230571746826172
0.3208199441432953
0.31034690141677856
0.2997409999370575
0.28761595487594604
0.2740586996078491
0.26950979232788086
0.2554314434528351
0.2549175024032593
0.25412288308143616
0.24083097279071808
0.22765235602855682
0.22688959538936615
0.22522211074829102
0.21383772790431976
0.2074175924062729
0.2041763961315155
0.20168118178844452
0.1968621015548706
0.18504227697849274
0.17377357184886932
0.17319795489311218
0.17276278138160706
0.17176824808120728
0.1690470576286316
0.1459970474243164
0.13621574640274048
0.1317594051361084
0.12544186413288116
0.12227532267570496
0.12068074941635132
0.11795660108327866
0.10772471129894257
0.08547993749380112
0.08464667201042175
0.0701565146446228
0.060629427433013916
0.058369558304548264
0.057649288326501846
0.046897031366825104
0.046065282076597214
0.043980568647384644
0.03249451890587807
0.029811425134539604
0.02683817595243454
0.026297254487872124
0.021869080141186714
0.021431593224406242
0.018606286495923996
0.01692088134586811
0.015949709340929985
0.01583295501768589
0.015585580840706825
0.015178645960986614
