3
84
37.0
75.0
57.0
131.0
69.0
69.0
106.0
77.0
84.0
87.0
112.0
134.0
86.0
49.0
111.0
88.0
121.0
141.0
104.0
69.0
105.0
73.0
98.0
105.0
130.0
16.0
69.0
56.0
70.0
40.0
38.0
120.0
113.0
88.0
50.0
123.0
96.0
52.0
96.0
28.0
119.0
84.0
60.0
99.0
122.0
60.0
59.0
141.0
109.0
150.0
83.0
18.0
21.0
118.0
99.0
136.0
22.0
151.0
73.0
145.0
136.0
84.0
109.0
129.0
92.0
121.0
59.0
27.0
134.0
133.0
149.0
59.0
104.0
151.0
50.0
96.0
78.0
114.0
112.0
122.0
8.0
36.0
92.0
72.0
38.0
39.0
98.0
56.0
98.0
45.0
110.0
51.0
59.0
98.0
58.0
91.0
70.0
39.0
92.0
50.0
99.0
64.0
85.0
60.0
50.0
25.0
70.0
34.0
66.0
58.0
110.0
110.0
88.0
69.0
60.0
79.0
26.0
110.0
60.0
34.0
35.0
67.0
51.0
60.0
86.0
30.0
59.0
60.0
50.0
71.0
81.0
109.0
17.0
86.0
79.0
70.0
36.0
45.0
98.0
76.0
8.0
57.0
69.0
48.0
9.0
86.0
67.0
45.0
87.0
65.0
47.0
69.0
48.0
84.0
100.0
89.0
96.0
48.0
10.0
43.0
68.0
86.0
73.0
110.0
74.0
93.0
82.0
78.0
0.7550033926963806
0.710885226726532
0.6227439641952515
0.6121950745582581
0.589849591255188
0.5696052312850952
0.5414072275161743
0.5235582590103149
0.5209751725196838
0.5106369853019714
0.49861857295036316
0.4884970188140869
0.4838167726993561
0.4714926779270172
0.4540095031261444
0.4480940103530884
0.44750896096229553
0.4428480565547943
0.4399843215942383
0.43345406651496887
0.43238478899002075
0.42958223819732666
0.42553964257240295
0.42048484086990356
0.4136781096458435
0.4003671705722809
0.39724230766296387
0.39297884702682495
0.3724938929080963
0.36712491512298584
0.35916846990585327
0.355914831161499
0.3473328649997711
0.34585464000701904
0.335408478975296
0.3226417601108551
0.3198932409286499
0.29994094371795654
0.2967253625392914
0.28772497177124023
0.2799021899700165
0.2508460581302643
0.2501804828643799
0.21910503506660461
0.21862614154815674
0.20893320441246033
0.20767749845981598
0.19715777039527893
0.19295117259025574
0.1761227548122406
0.1724952608346939
0.16710419952869415
0.16520141065120697
0.1636572927236557
0.15319307148456573
0.1501057893037796
0.12327373772859573
0.11359460651874542
0.11349865049123764
0.11118283122777939
0.10343211889266968
0.09672040492296219
0.0854007825255394
0.0806674063205719
0.07713896781206131
0.07184617221355438
0.06425902247428894
0.06056540831923485
0.05764869600534439
0.05510318651795387
0.05471402406692505
0.05369804799556732
0.05336035415530205
0.04719710350036621
0.04194039851427078
0.040675900876522064
0.034889813512563705
0.030031319707632065
0.027474161237478256
0.025059418752789497
0.021945878863334656
0.021051272749900818
0.016843942925333977
0.016352588310837746
