3
84
125.0
23.0
108.0
108.0
106.0
98.0
71.0
116.0
63.0
91.0
92.0
61.0
56.0
56.0
85.0
24.0
36.0
100.0
61.0
72.0
38.0
128.0
46.0
74.0
86.0
95.0
114.0
62.0
118.0
93.0
35.0
98.0
90.0
106.0
75.0
72.0
121.0
61.0
14.0
45.0
132.0
10.0
37.0
77.0
134.0
81.0
95.0
107.0
83.0
147.0
47.0
120.0
64.0
74.0
118.0
75.0
84.0
28.0
129.0
144.0
14.0
82.0
108.0
150.0
64.0
124.0
140.0
10.0
96.0
60.0
134.0
132.0
23.0
72.0
48.0
110.0
117.0
93.0
145.0
65.0
151.0
45.0
100.0
102.0
64.0
34.0
95.0
36.0
83.0
58.0
57.0
56.0
37.0
50.0
35.0
23.0
43.0
58.0
69.0
56.0
57.0
27.0
94.0
78.0
66.0
104.0
57.0
69.0
59.0
104.0
66.0
83.0
88.0
82.0
36.0
89.0
95.0
64.0
94.0
30.0
14.0
105.0
57.0
45.0
84.0
32.0
9.0
49.0
57.0
35.0
19.0
50.0
82.0
87.0
66.0
75.0
50.0
111.0
48.0
104.0
111.0
67.0
49.0
62.0
69.0
50.0
76.0
22.0
71.0
49.0
16.0
45.0
67.0
64.0
52.0
95.0
70.0
85.0
87.0
104.0
82.0
77.0
16.0
66.0
103.0
12.0
18.0
8.0
0.6911628246307373
0.6782807111740112
0.6131454706192017
0.5812355875968933
0.5538246035575867
0.5528334379196167
0.552803635597229
0.5078320503234863
0.5006647109985352
0.4832303822040558
0.4786441922187805
0.4768567979335785
0.4545937478542328
0.44483500719070435
0.439374715089798
0.4270763397216797
0.4092896282672882
0.39546406269073486
0.38562896847724915
0.3826542794704437
0.37255600094795227
0.372361421585083
0.36461570858955383
0.3642013370990753
0.36199232935905457
0.3587358593940735
0.3551032543182373
0.34579136967658997
0.3456813395023346
0.3350069522857666
0.33168578147888184
0.33073145151138306
0.3056483566761017
0.2842577397823334
0.2829180359840393
0.27661389112472534
0.27110064029693604
0.2710988223552704
0.25212422013282776
0.22921746969223022
0.22576023638248444
0.22478199005126953
0.21964196860790253
0.20094788074493408
0.19473661482334137
0.1782328188419342
0.16984108090400696
0.16304826736450195
0.16302989423274994
0.1588023155927658
0.14602822065353394
0.14411519467830658
0.13780346512794495
0.13109524548053741
0.1046031266450882
0.09864695370197296
0.09532717615365982
0.08438684046268463
0.0820779949426651
0.08042999356985092
0.08017649501562119
0.07467495650053024
0.07316583395004272
0.0707450732588768
0.07059263437986374
0.06913719326257706
0.059984538704156876
0.04556983336806297
0.04268895089626312
0.03343013674020767
0.03185523673892021
0.03136488050222397
0.030498916283249855
0.028079455718398094
0.02638990990817547
0.026286078616976738
0.025492379441857338
0.023152953013777733
0.022285958752036095
0.021403716877102852
0.021389449015259743
0.0208596158772707
0.018095960840582848
0.01588772051036358
