3
89
130.0
110.0
103.0
34.0
104.0
65.0
47.0
140.0
111.0
64.0
102.0
35.0
67.0
86.0
70.0
73.0
84.0
75.0
119.0
81.0
97.0
86.0
121.0
82.0
46.0
117.0
13.0
102.0
82.0
108.0
133.0
71.0
104.0
97.0
47.0
129.0
56.0
57.0
95.0
119.0
135.0
111.0
145.0
47.0
134.0
127.0
87.0
107.0
47.0
148.0
141.0
67.0
150.0
49.0
67.0
94.0
56.0
36.0
17.0
14.0
134.0
75.0
50.0
121.0
81.0
93.0
111.0
133.0
24.0
90.0
21.0
151.0
76.0
118.0
119.0
109.0
20.0
48.0
69.0
118.0
74.0
87.0
129.0
55.0
90.0
55.0
87.0
102.0
23.0
53.0
91.0
110.0
36.0
31.0
98.0
98.0
61.0
56.0
111.0
83.0
59.0
43.0
111.0
22.0
37.0
69.0
49.0
98.0
78.0
68.0
97.0
31.0
57.0
37.0
85.0
56.0
96.0
28.0
66.0
45.0
67.0
48.0
58.0
111.0
64.0
70.0
59.0
32.0
77.0
75.0
22.0
44.0
58.0
91.0
96.0
48.0
13.0
10.0
100.0
109.0
86.0
85.0
81.0
58.0
41.0
46.0
65.0
34.0
65.0
9.0
97.0
69.0
48.0
85.0
48.0
84.0
84.0
58.0
87.0
46.0
53.0
67.0
43.0
62.0
72.0
95.0
89.0
74.0
110.0
111.0
33.0
32.0
11.0
81.0
51.0
38.0
76.0
65.0
0.695220947265625
0.6949248909950256
0.623444139957428
0.6181559562683105
0.5971370935440063
0.5857667922973633
0.5698102116584778
0.5445930361747742
0.54289710521698
0.47876378893852234
0.46157145500183105
0.4509950876235962
0.44603145122528076
0.44425222277641296
0.43578529357910156
0.42559003829956055
0.41940367221832275
0.4178435206413269
0.4083578586578369
0.39985382556915283
0.3960932195186615
0.39359667897224426
0.3932908773422241
0.3876272737979889
0.38671445846557617
0.3799378573894501
0.3763042390346527
0.3704354166984558
0.3693445324897766
0.35273224115371704
0.3498822748661041
0.33522382378578186
0.32938599586486816
0.3202829957008362
0.31631162762641907
0.3092275559902191
0.3025881350040436
0.3014086186885834
0.29955509305000305
0.29535841941833496
0.2901306748390198
0.27660590410232544
0.25870636105537415
0.24795755743980408
0.2393222600221634
0.2303885817527771
0.22388172149658203
0.2027028501033783
0.19741928577423096
0.19663859903812408
0.19231854379177094
0.1795520782470703
0.17198963463306427
0.16885432600975037
0.16796272993087769
0.1675812155008316
0.15936878323554993
0.15513786673545837
0.1436200737953186
0.13633957505226135
0.12183278799057007
0.1208118200302124
0.11997480690479279
0.1089257299900055
0.09726716578006744
0.09450945258140564
0.0944218710064888
0.09406020492315292
0.09087510406970978
0.08322659134864807
0.07925999909639359
0.07022760063409805
0.06097175180912018
0.05859386920928955
0.057664841413497925
0.054190512746572495
0.047341495752334595
0.036987628787755966
0.028034714981913567
0.027478046715259552
0.026836689561605453
0.026306839659810066
0.025676241144537926
0.025018315762281418
0.020716017112135887
0.018759634345769882
0.018206555396318436
0.0176711343228817
0.016810577362775803
