3
83
109.0
70.0
47.0
35.0
119.0
131.0
117.0
127.0
83.0
73.0
14.0
70.0
81.0
137.0
110.0
86.0
25.0
119.0
85.0
46.0
82.0
102.0
70.0
118.0
105.0
102.0
37.0
103.0
109.0
57.0
74.0
119.0
34.0
126.0
69.0
66.0
61.0
49.0
19.0
92.0
106.0
96.0
101.0
107.0
97.0
66.0
146.0
22.0
118.0
14.0
139.0
56.0
22.0
86.0
132.0
141.0
147.0
122.0
82.0
92.0
133.0
130.0
67.0
74.0
25.0
145.0
82.0
91.0
151.0
148.0
105.0
111.0
130.0
126.0
35.0
48.0
79.0
57.0
47.0
110.0
14.0
125.0
115.0
59.0
109.0
60.0
60.0
98.0
91.0
86.0
57.0
71.0
40.0
58.0
26.0
59.0
65.0
28.0
98.0
61.0
36.0
109.0
39.0
32.0
51.0
98.0
65.0
109.0
35.0
69.0
85.0
92.0
67.0
52.0
52.0
38.0
67.0
69.0
46.0
109.0
69.0
9.0
51.0
19.0
72.0
97.0
68.0
61.0
85.0
87.0
37.0
79.0
72.0
108.0
47.0
49.0
51.0
12.0
49.0
57.0
108.0
80.0
36.0
77.0
49.0
61.0
69.0
71.0
98.0
85.0
84.0
15.0
52.0
78.0
86.0
84.0
96.0
49.0
91.0
97.0
61.0
9.0
78.0
36.0
47.0
47.0
0.5809983015060425
0.57220458984375
0.5698785781860352
0.5585304498672485
0.5455822944641113
0.5151590704917908
0.5150061249732971
0.5086514353752136
0.49689918756484985
0.490563303232193
0.47619393467903137
0.47169336676597595
0.46364831924438477
0.4029298722743988
0.40260371565818787
0.39216935634613037
0.388289213180542
0.3837767541408539
0.38065698742866516
0.3582627475261688
0.3539803624153137
0.35325220227241516
0.3376622498035431
0.33677607774734497
0.33395713567733765
0.3304101824760437
0.3219050168991089
0.30732426047325134
0.2828598916530609
0.28083187341690063
0.2803698480129242
0.27192166447639465
0.26948606967926025
0.26826685667037964
0.25897279381752014
0.2416587471961975
0.2409791201353073
0.24036045372486115
0.2358374297618866
0.23235900700092316
0.22013433277606964
0.21698330342769623
0.21154820919036865
0.20910513401031494
0.20427991449832916
0.2022223323583603
0.19163285195827484
0.18989445269107819
0.17592748999595642
0.17471912503242493
0.17389118671417236
0.17163623869419098
0.162734255194664
0.15746036171913147
0.14455583691596985
0.1423381119966507
0.12685732543468475
0.12158457189798355
0.11477146297693253
0.10973525047302246
0.10697545856237411
0.09394753724336624
0.08715613186359406
0.07450086623430252
0.07012102752923965
0.06724906712770462
0.06278552860021591
0.05871516838669777
0.054528623819351196
0.05364624410867691
0.05267694219946861
0.04273020103573799
0.04185481742024422
0.04132792353630066
0.04038046672940254
0.039692819118499756
0.032488010823726654
0.023153623566031456
0.02161465957760811
0.0215720534324646
0.01939024031162262
0.019148018211126328
0.017030950635671616
