3
88
142.0
70.0
112.0
38.0
70.0
106.0
57.0
121.0
106.0
50.0
73.0
99.0
132.0
105.0
106.0
38.0
130.0
28.0
49.0
112.0
41.0
76.0
17.0
85.0
77.0
89.0
84.0
114.0
88.0
120.0
87.0
123.0
70.0
97.0
27.0
59.0
60.0
85.0
88.0
111.0
119.0
121.0
73.0
52.0
146.0
151.0
61.0
71.0
97.0
134.0
137.0
137.0
143.0
103.0
84.0
99.0
60.0
69.0
22.0
123.0
61.0
119.0
149.0
18.0
122.0
129.0
134.0
51.0
26.0
110.0
135.0
108.0
58.0
9.0
130.0
93.0
22.0
72.0
60.0
128.0
151.0
62.0
38.0
109.0
93.0
151.0
107.0
96.0
63.0
97.0
91.0
37.0
45.0
33.0
109.0
98.0
109.0
59.0
24.0
70.0
55.0
84.0
49.0
59.0
66.0
59.0
38.0
58.0
68.0
38.0
57.0
30.0
51.0
50.0
58.0
25.0
97.0
78.0
70.0
33.0
110.0
34.0
68.0
97.0
59.0
79.0
110.0
16.0
85.0
64.0
68.0
67.0
47.0
86.0
81.0
87.0
50.0
90.0
76.0
9.0
109.0
97.0
85.0
59.0
46.0
59.0
35.0
50.0
68.0
45.0
100.0
69.0
109.0
109.0
85.0
11.0
47.0
67.0
47.0
72.0
51.0
73.0
45.0
87.0
8.0
76.0
88.0
97.0
48.0
73.0
48.0
96.0
97.0
56.0
77.0
43.0
0.6275379061698914
0.6047479510307312
0.6013480424880981
0.5563592314720154
0.551912784576416
0.5308505892753601
0.5289860367774963
0.5079989433288574
0.502745509147644
0.5006797313690186
0.5006733536720276
0.4781089127063751
0.45706331729888916
0.45542821288108826
0.43868133425712585
0.432895302772522
0.42617493867874146
0.4153011739253998
0.4093570411205292
0.40789490938186646
0.4062485694885254
0.40427809953689575
0.4010849595069885
0.3869992792606354
0.3789985179901123
0.37656641006469727
0.36510932445526123
0.3574640154838562
0.340604305267334
0.3351188004016876
0.3334640860557556
0.31674012541770935
0.3068467080593109
0.30224770307540894
0.2999499440193176
0.28775128722190857
0.2788884937763214
0.26389676332473755
0.2560019791126251
0.24897357821464539
0.23956452310085297
0.238046795129776
0.23742568492889404
0.23262345790863037
0.2269938886165619
0.21697285771369934
0.21341048181056976
0.21055004000663757
0.20986974239349365
0.194864884018898
0.18356283009052277
0.17050080001354218
0.17028747498989105
0.16981449723243713
0.16903641819953918
0.16461439430713654
0.16389882564544678
0.15843722224235535
0.15396644175052643
0.14722153544425964
0.13894692063331604
0.13812510669231415
0.11514375358819962
0.10209444910287857
0.0931495651602745
0.08656084537506104
0.0852862074971199
0.08086730539798737
0.07194910943508148
0.06262454390525818
0.059144582599401474
0.05259187892079353
0.04622683674097061
0.04589635506272316
0.03999999165534973
0.03771454840898514
0.03492536395788193
0.03476398065686226
0.03370179608464241
0.03068235144019127
0.027662942185997963
0.025944657623767853
0.025551246479153633
0.021391162648797035
0.020470408722758293
0.01998624950647354
0.01813127100467682
0.015801753848791122
