3
81
119.0
64.0
64.0
95.0
66.0
26.0
109.0
27.0
95.0
38.0
17.0
74.0
110.0
39.0
118.0
101.0
96.0
77.0
129.0
133.0
111.0
61.0
20.0
136.0
30.0
78.0
89.0
102.0
103.0
112.0
75.0
77.0
67.0
62.0
41.0
88.0
100.0
122.0
98.0
80.0
14.0
75.0
60.0
111.0
49.0
131.0
48.0
149.0
111.0
92.0
125.0
124.0
122.0
108.0
60.0
40.0
85.0
115.0
85.0
139.0
64.0
80.0
99.0
85.0
77.0
85.0
146.0
101.0
63.0
14.0
121.0
139.0
74.0
9.0
26.0
8.0
50.0
128.0
146.0
69.0
117.0
54.0
21.0
104.0
32.0
35.0
33.0
82.0
55.0
48.0
34.0
55.0
55.0
62.0
55.0
64.0
56.0
81.0
67.0
62.0
47.0
94.0
93.0
68.0
83.0
64.0
111.0
57.0
88.0
25.0
33.0
28.0
93.0
47.0
81.0
64.0
68.0
16.0
87.0
104.0
48.0
31.0
76.0
41.0
75.0
63.0
103.0
42.0
61.0
49.0
93.0
11.0
74.0
46.0
44.0
56.0
8.0
33.0
103.0
80.0
51.0
69.0
33.0
65.0
40.0
104.0
48.0
13.0
74.0
64.0
45.0
82.0
56.0
83.0
30.0
43.0
67.0
56.0
47.0
89.0
93.0
45.0
0.5728471875190735
0.5708496570587158
0.5221795439720154
0.510400652885437
0.5044216513633728
0.5020759105682373
0.49115005135536194
0.4872875511646271
0.48432040214538574
0.4811403751373291
0.44253861904144287
0.43821290135383606
0.4369352459907532
0.4291151762008667
0.4228356182575226
0.4221899211406708
0.4159781038761139
0.4137376844882965
0.4069187343120575
0.3771003782749176
0.3712571859359741
0.3593611419200897
0.3515918552875519
0.3449482321739197
0.34416618943214417
0.3421730697154999
0.33955273032188416
0.3302118182182312
0.32848045229911804
0.316835880279541
0.31548818945884705
0.31306740641593933
0.27663642168045044
0.2765703797340393
0.27442190051078796
0.26397210359573364
0.2545434236526489
0.2310449630022049
0.2296791821718216
0.2169906347990036
0.2165391594171524
0.2146969437599182
0.21206434071063995
0.20490846037864685
0.20436809957027435
0.19924655556678772
0.17684532701969147
0.16979146003723145
0.16437065601348877
0.1614394634962082
0.16087013483047485
0.14850738644599915
0.14480777084827423
0.11881916224956512
0.11631155014038086
0.11559990793466568
0.11341042816638947
0.10876943916082382
0.0966966301202774
0.08686356991529465
0.081339031457901
0.07621894776821136
0.07231618463993073
0.05698797479271889
0.05336083471775055
0.04791584610939026
0.0449785478413105
0.043331120163202286
0.041540008038282394
0.03733314201235771
0.03440628945827484
0.03187677264213562
0.030998148024082184
0.02812679298222065
0.02671205624938011
0.023890435695648193
0.021424202248454094
0.020520295947790146
0.019827958196401596
0.019480761140584946
0.019415607675909996
