3
89
110.0
130.0
109.0
45.0
101.0
103.0
34.0
64.0
86.0
116.0
73.0
83.0
139.0
96.0
70.0
46.0
121.0
118.0
128.0
94.0
75.0
84.0
101.0
34.0
134.0
117.0
111.0
67.0
133.0
46.0
133.0
82.0
104.0
82.0
135.0
100.0
145.0
80.0
67.0
126.0
97.0
107.0
94.0
12.0
107.0
16.0
70.0
66.0
149.0
141.0
35.0
48.0
56.0
151.0
24.0
56.0
47.0
55.0
13.0
89.0
45.0
68.0
121.0
95.0
132.0
47.0
117.0
46.0
75.0
104.0
62.0
94.0
149.0
111.0
85.0
21.0
80.0
48.0
90.0
74.0
55.0
124.0
119.0
61.0
55.0
128.0
151.0
12.0
127.0
57.0
54.0
92.0
99.0
84.0
48.0
59.0
99.0
49.0
86.0
37.0
69.0
62.0
70.0
23.0
37.0
32.0
99.0
65.0
49.0
50.0
98.0
111.0
36.0
10.0
78.0
23.0
44.0
91.0
59.0
46.0
28.0
32.0
58.0
75.0
98.0
46.0
79.0
59.0
98.0
58.0
14.0
41.0
56.0
67.0
34.0
68.0
87.0
86.0
111.0
65.0
70.0
59.0
54.0
59.0
46.0
84.0
70.0
65.0
86.0
111.0
76.0
48.0
33.0
84.0
10.0
111.0
89.0
68.0
78.0
111.0
98.0
100.0
85.0
111.0
47.0
85.0
79.0
33.0
98.0
51.0
83.0
63.0
59.0
12.0
33.0
49.0
47.0
44.0
0.6621866226196289
0.6488077640533447
0.6483429670333862
0.6110169887542725
0.5883150696754456
0.5829986333847046
0.5008684992790222
0.4762158691883087
0.47363632917404175
0.4645814001560211
0.4628199338912964
0.462159126996994
0.42562559247016907
0.420610249042511
0.41962939500808716
0.41755157709121704
0.4164748191833496
0.410847544670105
0.3962338864803314
0.38956108689308167
0.38469406962394714
0.3826828598976135
0.37818506360054016
0.36421769857406616
0.3597179353237152
0.34991416335105896
0.33206701278686523
0.32844725251197815
0.32466116547584534
0.322528600692749
0.31369921565055847
0.3108300268650055
0.2857765555381775
0.2845674753189087
0.28104472160339355
0.2721635401248932
0.2711733877658844
0.2645433247089386
0.2560258209705353
0.23480795323848724
0.22930733859539032
0.22597752511501312
0.22249305248260498
0.21999096870422363
0.207097128033638
0.2031320333480835
0.19924139976501465
0.19802264869213104
0.19156314432621002
0.17303228378295898
0.16665633022785187
0.16602133214473724
0.14948247373104095
0.14322486519813538
0.14097096025943756
0.1392071694135666
0.13627509772777557
0.1320369690656662
0.12728014588356018
0.11755447089672089
0.11529689282178879
0.10937328636646271
0.10411231964826584
0.10142950713634491
0.08969344943761826
0.08899786323308945
0.08687258511781693
0.07874171435832977
0.06766317039728165
0.06574178487062454
0.06329628825187683
0.05054207146167755
0.04905988276004791
0.04769580066204071
0.04705945774912834
0.04668780416250229
0.04217347875237465
0.03951343894004822
0.033596221357584
0.028842667117714882
0.02665708400309086
0.025658274069428444
0.02451150119304657
0.0243240837007761
0.02076847292482853
0.020453058183193207
0.020055916160345078
0.019332248717546463
0.01506283413618803
