3
78
122.0
29.0
68.0
131.0
97.0
33.0
42.0
62.0
98.0
101.0
91.0
70.0
66.0
8.0
114.0
22.0
66.0
62.0
77.0
29.0
44.0
97.0
91.0
102.0
82.0
104.0
9.0
79.0
114.0
63.0
77.0
65.0
121.0
41.0
113.0
112.0
16.0
139.0
105.0
111.0
128.0
64.0
80.0
19.0
125.0
135.0
77.0
113.0
104.0
141.0
80.0
43.0
51.0
88.0
53.0
86.0
131.0
125.0
127.0
147.0
150.0
97.0
142.0
77.0
52.0
117.0
49.0
139.0
51.0
16.0
114.0
91.0
101.0
59.0
120.0
98.0
8.0
109.0
55.0
35.0
37.0
63.0
49.0
66.0
57.0
58.0
83.0
106.0
69.0
50.0
106.0
55.0
34.0
70.0
23.0
44.0
57.0
57.0
67.0
34.0
58.0
17.0
49.0
58.0
70.0
69.0
96.0
83.0
29.0
67.0
66.0
36.0
64.0
84.0
33.0
85.0
26.0
46.0
11.0
95.0
106.0
57.0
89.0
106.0
84.0
77.0
89.0
56.0
96.0
10.0
45.0
35.0
65.0
82.0
48.0
83.0
75.0
13.0
90.0
94.0
51.0
78.0
57.0
105.0
50.0
96.0
13.0
46.0
51.0
49.0
67.0
24.0
45.0
88.0
32.0
89.0
0.7202886939048767
0.6303425431251526
0.5780764222145081
0.5760902166366577
0.5570735335350037
0.5511156320571899
0.5425570011138916
0.5177817344665527
0.512433648109436
0.5024310350418091
0.4728005826473236
0.4624080955982208
0.4456656873226166
0.43756383657455444
0.42951861023902893
0.41311579942703247
0.39714616537094116
0.39225393533706665
0.3921322822570801
0.3874671459197998
0.3849208950996399
0.3784516453742981
0.3606795072555542
0.35803982615470886
0.35516226291656494
0.3530811369419098
0.34759509563446045
0.3442414700984955
0.32370126247406006
0.3118603229522705
0.2945948839187622
0.2702212333679199
0.2671220898628235
0.2653771638870239
0.2591680884361267
0.25541210174560547
0.2541070580482483
0.2452983260154724
0.24125364422798157
0.2330118715763092
0.2246958315372467
0.22224430739879608
0.21278178691864014
0.2080906331539154
0.20665910840034485
0.20542500913143158
0.2015388011932373
0.19653360545635223
0.19331149756908417
0.19208209216594696
0.17510604858398438
0.17099249362945557
0.16885638236999512
0.16457946598529816
0.14720982313156128
0.12625910341739655
0.12293912470340729
0.09554222971200943
0.09142730385065079
0.08475688844919205
0.08281076699495316
0.07854078710079193
0.06532110273838043
0.05634431168437004
0.0425674133002758
0.02888980507850647
0.026824520900845528
0.025853190571069717
0.025172704830765724
0.024847572669386864
0.020567234605550766
0.020433718338608742
0.020271550863981247
0.020245175808668137
0.018307283520698547
0.01751956157386303
0.016838591545820236
0.01505014393478632
