3
75
66.0
128.0
64.0
26.0
94.0
101.0
119.0
39.0
110.0
62.0
38.0
59.0
112.0
76.0
74.0
74.0
77.0
17.0
110.0
101.0
96.0
59.0
109.0
27.0
117.0
88.0
131.0
95.0
77.0
75.0
98.0
63.0
67.0
21.0
41.0
89.0
62.0
103.0
14.0
121.0
135.0
110.0
48.0
125.0
49.0
148.0
30.0
94.0
110.0
66.0
80.0
132.0
99.0
101.0
85.0
151.0
122.0
76.0
86.0
138.0
85.0
14.0
41.0
84.0
50.0
145.0
120.0
80.0
124.0
85.0
101.0
74.0
12.0
108.0
85.0
35.0
62.0
21.0
32.0
48.0
56.0
54.0
54.0
93.0
92.0
33.0
56.0
34.0
67.0
76.0
55.0
110.0
55.0
62.0
16.0
33.0
41.0
82.0
55.0
64.0
68.0
103.0
81.0
92.0
27.0
103.0
81.0
48.0
67.0
63.0
57.0
103.0
25.0
30.0
87.0
83.0
49.0
42.0
11.0
64.0
61.0
65.0
92.0
75.0
67.0
47.0
47.0
65.0
88.0
33.0
85.0
47.0
103.0
109.0
54.0
80.0
42.0
8.0
86.0
55.0
14.0
80.0
33.0
74.0
48.0
74.0
83.0
65.0
44.0
40.0
0.6823187470436096
0.6643204092979431
0.6253875494003296
0.6064738631248474
0.595111072063446
0.5946892499923706
0.5762470960617065
0.5439775586128235
0.5006555318832397
0.4692530632019043
0.4688147008419037
0.457141250371933
0.4483502209186554
0.43677306175231934
0.4299040138721466
0.4283568263053894
0.4085809290409088
0.3844003975391388
0.3742392957210541
0.3684007525444031
0.3646797835826874
0.3429078459739685
0.3353259265422821
0.33311939239501953
0.3319658041000366
0.3257105052471161
0.3206954300403595
0.319936066865921
0.319894015789032
0.3151141405105591
0.30563390254974365
0.2974545657634735
0.2887156903743744
0.2581802010536194
0.25412699580192566
0.24695990979671478
0.24689419567584991
0.24111750721931458
0.23541149497032166
0.2351537048816681
0.23050856590270996
0.21885916590690613
0.21726477146148682
0.2112552523612976
0.2033175826072693
0.1967981904745102
0.19119863212108612
0.1760840266942978
0.15870632231235504
0.1462680548429489
0.1398143172264099
0.13120746612548828
0.11799074709415436
0.11395925283432007
0.1095118299126625
0.10895252972841263
0.10797089338302612
0.1015084758400917
0.1013936698436737
0.09730471670627594
0.08099977672100067
0.07518529146909714
0.06960833072662354
0.06857171654701233
0.06153162568807602
0.06128423288464546
0.05650252848863602
0.05410031974315643
0.05321544036269188
0.051809947937726974
0.045508481562137604
0.0410454086959362
0.0257234089076519
0.01955668441951275
0.01676524616777897
