3
84
112.0
120.0
131.0
66.0
142.0
74.0
36.0
35.0
68.0
71.0
103.0
104.0
105.0
113.0
67.0
86.0
130.0
50.0
105.0
96.0
88.0
83.0
111.0
49.0
51.0
87.0
53.0
47.0
14.0
76.0
98.0
69.0
123.0
88.0
83.0
99.0
120.0
118.0
103.0
91.0
134.0
151.0
26.0
83.0
135.0
118.0
146.0
142.0
69.0
141.0
56.0
57.0
109.0
48.0
109.0
96.0
123.0
18.0
72.0
15.0
121.0
137.0
128.0
52.0
62.0
96.0
77.0
38.0
72.0
23.0
109.0
124.0
24.0
82.0
91.0
150.0
127.0
25.0
36.0
135.0
108.0
27.0
133.0
51.0
54.0
95.0
51.0
108.0
59.0
35.0
56.0
34.0
41.0
20.0
81.0
107.0
29.0
20.0
95.0
67.0
62.0
108.0
45.0
30.0
46.0
76.0
88.0
56.0
96.0
95.0
78.0
35.0
54.0
47.0
66.0
56.0
29.0
108.0
26.0
56.0
75.0
82.0
94.0
84.0
87.0
82.0
56.0
55.0
43.0
41.0
43.0
107.0
85.0
49.0
67.0
44.0
11.0
8.0
64.0
47.0
46.0
32.0
65.0
64.0
61.0
72.0
94.0
86.0
57.0
39.0
65.0
64.0
70.0
45.0
74.0
107.0
33.0
83.0
79.0
93.0
80.0
64.0
44.0
8.0
81.0
93.0
80.0
67.0
0.6778203845024109
0.6468657851219177
0.6441554427146912
0.6006444096565247
0.5961307883262634
0.5897507667541504
0.5890413522720337
0.5632027387619019
0.559454619884491
0.5329263210296631
0.5305529832839966
0.5279520750045776
0.5213916897773743
0.51948481798172
0.511019766330719
0.47989535331726074
0.4656391441822052
0.43552079796791077
0.42807671427726746
0.40576881170272827
0.39395302534103394
0.392302542924881
0.3855392634868622
0.37980881333351135
0.37934383749961853
0.37536436319351196
0.3627708852291107
0.36097586154937744
0.3569738566875458
0.35631608963012695
0.3539636433124542
0.3437817692756653
0.3380681276321411
0.31956246495246887
0.3188205063343048
0.31879302859306335
0.30746716260910034
0.2820117473602295
0.2762576937675476
0.2749609649181366
0.27002182602882385
0.2660495638847351
0.249347984790802
0.2440071851015091
0.24397757649421692
0.24174772202968597
0.24032878875732422
0.2255910485982895
0.21932220458984375
0.2189607322216034
0.2167361080646515
0.2082618623971939
0.20781782269477844
0.203216090798378
0.17148055136203766
0.15326419472694397
0.15288181602954865
0.14901001751422882
0.13060596585273743
0.12947143614292145
0.08454074710607529
0.07806762307882309
0.07134544849395752
0.07042405754327774
0.06946035474538803
0.061708755791187286
0.059158410876989365
0.05694733187556267
0.05669544264674187
0.0549783781170845
0.05196263641119003
0.03308938816189766
0.03219088539481163
0.029243115335702896
0.028336914256215096
0.027994543313980103
0.022193387150764465
0.020772378891706467
0.01817927695810795
0.017254814505577087
0.016255462542176247
0.015561845153570175
0.015439026057720184
0.015052243135869503
