3
88
104.0
74.0
118.0
67.0
111.0
36.0
68.0
68.0
53.0
68.0
112.0
54.0
57.0
104.0
87.0
120.0
69.0
97.0
130.0
36.0
103.0
104.0
71.0
129.0
86.0
140.0
122.0
14.0
110.0
83.0
83.0
76.0
47.0
38.0
135.0
87.0
48.0
119.0
86.0
26.0
133.0
145.0
98.0
83.0
56.0
139.0
108.0
103.0
108.0
49.0
149.0
71.0
56.0
95.0
121.0
18.0
56.0
95.0
82.0
133.0
151.0
91.0
59.0
17.0
92.0
23.0
25.0
120.0
76.0
119.0
118.0
8.0
127.0
109.0
135.0
144.0
24.0
151.0
51.0
111.0
91.0
87.0
58.0
55.0
71.0
113.0
87.0
133.0
47.0
37.0
84.0
108.0
56.0
57.0
43.0
96.0
108.0
58.0
23.0
96.0
69.0
108.0
48.0
97.0
86.0
68.0
53.0
35.0
82.0
32.0
22.0
65.0
68.0
62.0
32.0
56.0
90.0
28.0
56.0
49.0
37.0
65.0
74.0
109.0
57.0
76.0
96.0
58.0
89.0
45.0
58.0
77.0
78.0
107.0
65.0
94.0
15.0
9.0
84.0
66.0
48.0
32.0
48.0
33.0
83.0
41.0
84.0
45.0
54.0
82.0
57.0
65.0
48.0
46.0
65.0
63.0
66.0
108.0
43.0
67.0
95.0
72.0
8.0
109.0
34.0
49.0
64.0
83.0
88.0
38.0
43.0
88.0
71.0
42.0
33.0
83.0
0.596871018409729
0.5893810391426086
0.5885304808616638
0.5777617692947388
0.5479596853256226
0.5329035520553589
0.5224714279174805
0.5193038582801819
0.5182173848152161
0.504602313041687
0.46702685952186584
0.4584834575653076
0.44206470251083374
0.4289426803588867
0.4243054687976837
0.4234425723552704
0.4231884479522705
0.42158523201942444
0.40911242365837097
0.409028023481369
0.4031984210014343
0.40182051062583923
0.4006912410259247
0.38730576634407043
0.3830684423446655
0.37026679515838623
0.3682646155357361
0.3671059012413025
0.3490369915962219
0.34794703125953674
0.34538182616233826
0.3368799090385437
0.33161795139312744
0.32248157262802124
0.31118521094322205
0.30721479654312134
0.3064161539077759
0.30187663435935974
0.2908860146999359
0.2817407250404358
0.2656656801700592
0.24946565926074982
0.24148058891296387
0.22680732607841492
0.22524486482143402
0.20218440890312195
0.1732795685529709
0.16907376050949097
0.1592509150505066
0.15291368961334229
0.1489691287279129
0.14437387883663177
0.14373236894607544
0.12882114946842194
0.12099889665842056
0.11605437844991684
0.11283741146326065
0.1109735295176506
0.10874979943037033
0.10804223269224167
0.0974758043885231
0.09724058955907822
0.09609117358922958
0.09103409945964813
0.08174052834510803
0.08024411648511887
0.06843246519565582
0.06811048090457916
0.05897923931479454
0.05830126255750656
0.04860543832182884
0.03928463160991669
0.03863862529397011
0.03778257966041565
0.035804156213998795
0.033479295670986176
0.031404606997966766
0.026819219812750816
0.024009523913264275
0.023061029613018036
0.022564364597201347
0.02235383354127407
0.020294975489377975
0.017149586230516434
0.01697845757007599
0.016447583213448524
0.015761597082018852
0.015314026735723019
