3
82
78.0
73.0
108.0
114.0
75.0
132.0
31.0
108.0
144.0
90.0
86.0
107.0
64.0
134.0
40.0
40.0
87.0
73.0
109.0
124.0
136.0
19.0
42.0
114.0
116.0
125.0
53.0
100.0
89.0
63.0
88.0
148.0
111.0
98.0
107.0
101.0
62.0
112.0
79.0
123.0
52.0
21.0
139.0
98.0
91.0
124.0
67.0
139.0
54.0
144.0
86.0
136.0
71.0
74.0
26.0
124.0
75.0
23.0
122.0
29.0
87.0
95.0
151.0
71.0
98.0
61.0
129.0
28.0
48.0
151.0
135.0
59.0
121.0
134.0
80.0
102.0
76.0
53.0
40.0
110.0
131.0
123.0
40.0
98.0
35.0
59.0
26.0
68.0
60.0
51.0
65.0
98.0
59.0
86.0
98.0
57.0
38.0
60.0
32.0
110.0
110.0
99.0
92.0
58.0
69.0
93.0
27.0
36.0
60.0
71.0
110.0
109.0
71.0
49.0
19.0
36.0
97.0
60.0
67.0
69.0
51.0
80.0
40.0
72.0
11.0
51.0
52.0
52.0
83.0
78.0
68.0
110.0
86.0
49.0
61.0
86.0
9.0
66.0
69.0
36.0
87.0
37.0
80.0
87.0
88.0
46.0
43.0
47.0
99.0
49.0
92.0
102.0
85.0
52.0
47.0
37.0
69.0
98.0
75.0
8.0
49.0
79.0
47.0
110.0
0.5870651006698608
0.5833646655082703
0.5726138353347778
0.5522909164428711
0.5347639918327332
0.5150662660598755
0.4926888644695282
0.4916161000728607
0.48969417810440063
0.4853981137275696
0.47606486082077026
0.46704813838005066
0.4561600983142853
0.4504012167453766
0.44474104046821594
0.43870335817337036
0.4385099411010742
0.4290417730808258
0.42061135172843933
0.4161461591720581
0.40679284930229187
0.3993920385837555
0.39488524198532104
0.38104429841041565
0.3718588948249817
0.3684079647064209
0.35268837213516235
0.3356744349002838
0.32891204953193665
0.3254898190498352
0.32197263836860657
0.32001423835754395
0.30146387219429016
0.2955750524997711
0.279535710811615
0.27246642112731934
0.26906225085258484
0.2476736456155777
0.24119460582733154
0.23382486402988434
0.22092671692371368
0.21790823340415955
0.19656231999397278
0.19043681025505066
0.18389302492141724
0.18183961510658264
0.177386075258255
0.1738453507423401
0.17055107653141022
0.15565717220306396
0.1488211750984192
0.13906650245189667
0.13755452632904053
0.13538891077041626
0.13164357841014862
0.1278269737958908
0.12317346036434174
0.11962759494781494
0.11880865693092346
0.09530754387378693
0.09074245393276215
0.08896610885858536
0.08284656703472137
0.08125101774930954
0.07944246381521225
0.06504663079977036
0.059555958956480026
0.05049500986933708
0.0503273643553257
0.03539735823869705
0.03377428278326988
0.03356941416859627
0.03202248737215996
0.029980074614286423
0.02890545129776001
0.02629743702709675
0.026204237714409828
0.025815419852733612
0.025294335559010506
0.024155881255865097
0.01888948678970337
0.018885022029280663
