3
79
63.0
23.0
125.0
36.0
72.0
91.0
98.0
93.0
38.0
108.0
106.0
85.0
62.0
24.0
72.0
109.0
116.0
96.0
35.0
85.0
128.0
114.0
92.0
75.0
74.0
56.0
60.0
57.0
60.0
61.0
132.0
99.0
13.0
121.0
108.0
71.0
64.0
90.0
147.0
106.0
74.0
83.0
65.0
99.0
77.0
97.0
8.0
118.0
134.0
81.0
10.0
14.0
117.0
38.0
25.0
48.0
124.0
140.0
119.0
151.0
46.0
72.0
110.0
144.0
82.0
118.0
43.0
134.0
129.0
60.0
47.0
151.0
107.0
84.0
44.0
145.0
94.0
96.0
64.0
39.0
36.0
64.0
58.0
31.0
51.0
59.0
83.0
67.0
96.0
84.0
70.0
85.0
59.0
78.0
37.0
57.0
105.0
37.0
60.0
104.0
67.0
35.0
96.0
69.0
45.0
106.0
59.0
25.0
96.0
85.0
28.0
58.0
15.0
52.0
58.0
51.0
95.0
87.0
64.0
106.0
82.0
68.0
90.0
50.0
19.0
33.0
89.0
58.0
36.0
47.0
71.0
83.0
11.0
71.0
68.0
50.0
17.0
76.0
22.0
45.0
85.0
104.0
62.0
50.0
49.0
50.0
51.0
50.0
66.0
59.0
103.0
77.0
111.0
13.0
16.0
77.0
72.0
73.0
0.6123340725898743
0.5335854291915894
0.5263968110084534
0.5126162767410278
0.48052483797073364
0.4795878529548645
0.45586714148521423
0.44792333245277405
0.44305741786956787
0.43552595376968384
0.4095868170261383
0.3936742842197418
0.3859924376010895
0.3730608820915222
0.36147719621658325
0.3609057068824768
0.35939475893974304
0.35554635524749756
0.3294328451156616
0.32912105321884155
0.32769179344177246
0.3210484981536865
0.31568875908851624
0.3094415068626404
0.30311718583106995
0.2966346740722656
0.2957906424999237
0.2940901219844818
0.2771417200565338
0.26971542835235596
0.2606489062309265
0.26030200719833374
0.25831732153892517
0.25469136238098145
0.2508467733860016
0.22340816259384155
0.18796582520008087
0.18182173371315002
0.17772291600704193
0.16543172299861908
0.16334767639636993
0.15681146085262299
0.15186262130737305
0.1458575427532196
0.1353277862071991
0.13019125163555145
0.13005156815052032
0.1289413869380951
0.1216265857219696
0.11767837405204773
0.11288676410913467
0.10736770927906036
0.08959619700908661
0.08945438265800476
0.08055160939693451
0.07244804501533508
0.07243795692920685
0.07138662785291672
0.06594090163707733
0.06106919050216675
0.06075769662857056
0.058059677481651306
0.057029858231544495
0.05247926712036133
0.052391666918992996
0.046436723321676254
0.04404923692345619
0.04271029680967331
0.04072367027401924
0.03555014356970787
0.03521252050995827
0.029978232458233833
0.02932523749768734
0.025355160236358643
0.02060108631849289
0.019881214946508408
0.01752198487520218
0.017400270327925682
0.015980970114469528
