3
77
118.0
65.0
100.0
75.0
109.0
73.0
63.0
38.0
25.0
94.0
127.0
93.0
94.0
37.0
26.0
58.0
116.0
93.0
73.0
111.0
76.0
122.0
97.0
109.0
61.0
58.0
76.0
100.0
13.0
40.0
87.0
62.0
120.0
75.0
130.0
108.0
63.0
134.0
150.0
102.0
147.0
84.0
15.0
124.0
66.0
99.0
79.0
131.0
87.0
110.0
17.0
85.0
49.0
108.0
137.0
66.0
29.0
48.0
137.0
40.0
120.0
84.0
12.0
142.0
96.0
97.0
118.0
76.0
121.0
107.0
147.0
8.0
134.0
65.0
151.0
69.0
48.0
56.0
36.0
57.0
68.0
94.0
56.0
22.0
55.0
33.0
82.0
63.0
49.0
34.0
34.0
55.0
57.0
65.0
93.0
77.0
35.0
94.0
74.0
104.0
76.0
104.0
42.0
111.0
88.0
31.0
64.0
68.0
94.0
88.0
29.0
104.0
83.0
82.0
84.0
86.0
26.0
62.0
34.0
55.0
13.0
49.0
17.0
48.0
49.0
58.0
50.0
67.0
80.0
65.0
63.0
57.0
68.0
66.0
43.0
52.0
9.0
83.0
48.0
43.0
15.0
75.0
66.0
37.0
104.0
48.0
45.0
15.0
29.0
94.0
73.0
22.0
104.0
56.0
0.7664264440536499
0.6927855014801025
0.6417418122291565
0.6402780413627625
0.6334601640701294
0.6205071210861206
0.5950273871421814
0.5776763558387756
0.5730745792388916
0.5531295537948608
0.5430837869644165
0.48533740639686584
0.47628962993621826
0.46696630120277405
0.4588415026664734
0.451742947101593
0.4515407085418701
0.4427480101585388
0.432745099067688
0.41720303893089294
0.39316633343696594
0.36555835604667664
0.35603997111320496
0.34341540932655334
0.33887776732444763
0.33468392491340637
0.3232482671737671
0.3092794418334961
0.3059141933917999
0.29875001311302185
0.29349538683891296
0.29167917370796204
0.28864583373069763
0.276770681142807
0.25367093086242676
0.25273022055625916
0.250357449054718
0.2442055344581604
0.24218812584877014
0.22440049052238464
0.20617659389972687
0.2042255699634552
0.19945575296878815
0.19844485819339752
0.19368411600589752
0.1914200335741043
0.19053684175014496
0.178261399269104
0.17101678252220154
0.16431108117103577
0.1634976714849472
0.1515742391347885
0.13854585587978363
0.11643444001674652
0.1116311252117157
0.11132018268108368
0.10838744044303894
0.09358972311019897
0.0907253548502922
0.08230079710483551
0.07705813646316528
0.07222358882427216
0.0603918582201004
0.05388219282031059
0.0525604672729969
0.04013630747795105
0.03510136902332306
0.03269100934267044
0.028342023491859436
0.023891625925898552
0.02361178584396839
0.02182353474199772
0.021723413839936256
0.021560076624155045
0.020755017176270485
0.018532942980527878
0.01763456128537655
