3
88
67.0
102.0
129.0
109.0
35.0
54.0
35.0
118.0
138.0
84.0
110.0
127.0
52.0
47.0
66.0
103.0
37.0
120.0
73.0
94.0
82.0
85.0
13.0
103.0
70.0
75.0
103.0
87.0
67.0
116.0
96.0
46.0
67.0
82.0
70.0
117.0
56.0
85.0
25.0
110.0
140.0
102.0
132.0
68.0
57.0
134.0
147.0
108.0
94.0
143.0
125.0
93.0
81.0
132.0
57.0
117.0
149.0
118.0
108.0
121.0
133.0
96.0
58.0
55.0
15.0
131.0
18.0
127.0
89.0
22.0
148.0
150.0
75.0
104.0
81.0
94.0
48.0
120.0
50.0
70.0
111.0
17.0
24.0
23.0
87.0
32.0
19.0
138.0
98.0
84.0
55.0
91.0
59.0
98.0
38.0
98.0
63.0
70.0
58.0
66.0
110.0
59.0
110.0
50.0
68.0
34.0
39.0
50.0
58.0
110.0
57.0
109.0
24.0
51.0
34.0
50.0
45.0
86.0
70.0
38.0
59.0
30.0
68.0
78.0
80.0
98.0
59.0
26.0
109.0
96.0
91.0
86.0
70.0
76.0
86.0
67.0
42.0
47.0
96.0
34.0
80.0
47.0
47.0
46.0
56.0
64.0
16.0
109.0
13.0
59.0
60.0
89.0
69.0
84.0
35.0
45.0
87.0
49.0
97.0
51.0
68.0
78.0
85.0
83.0
11.0
51.0
67.0
74.0
85.0
64.0
68.0
36.0
35.0
94.0
8.0
53.0
0.6421900987625122
0.5921783447265625
0.5826830863952637
0.5781845450401306
0.5759707093238831
0.5710411071777344
0.5673178434371948
0.5584189295768738
0.5035919547080994
0.4974712133407593
0.48054400086402893
0.48053640127182007
0.47844141721725464
0.4770090878009796
0.47660335898399353
0.4569220244884491
0.4567722678184509
0.45618441700935364
0.44137364625930786
0.4373416304588318
0.4294452667236328
0.42905229330062866
0.42827269434928894
0.42263346910476685
0.41146573424339294
0.4101361334323883
0.40856173634529114
0.3953891396522522
0.3822687566280365
0.3461918830871582
0.3358610272407532
0.3319523334503174
0.3316759765148163
0.32071688771247864
0.31554272770881653
0.3056179881095886
0.305340439081192
0.3043992221355438
0.3033835291862488
0.30320823192596436
0.2768387496471405
0.2757599651813507
0.2214566469192505
0.21803037822246552
0.2162541300058365
0.1986790895462036
0.19433985650539398
0.18910300731658936
0.18657264113426208
0.17629174888134003
0.17173117399215698
0.16163882613182068
0.14815470576286316
0.14510996639728546
0.14256718754768372
0.14110693335533142
0.13949774205684662
0.13314540684223175
0.12903955578804016
0.12262298166751862
0.12256330996751785
0.12130286544561386
0.1001727432012558
0.09751725196838379
0.09489123523235321
0.0914301797747612
0.08584164828062057
0.07494767010211945
0.06839631497859955
0.06695456057786942
0.06565918028354645
0.06565691530704498
0.06349126249551773
0.06171116977930069
0.04864717274904251
0.045087624341249466
0.04272601008415222
0.04239071533083916
0.03217747434973717
0.029050009325146675
0.026444444432854652
0.025451473891735077
0.024172503501176834
0.023967785760760307
0.023219887167215347
0.023204147815704346
0.021514423191547394
0.015003509819507599
