3
85
110.0
130.0
66.0
104.0
111.0
102.0
35.0
34.0
85.0
129.0
64.0
104.0
48.0
70.0
140.0
119.0
104.0
73.0
121.0
120.0
67.0
82.0
13.0
82.0
82.0
97.0
71.0
68.0
112.0
49.0
46.0
117.0
47.0
95.0
145.0
135.0
91.0
86.0
75.0
134.0
87.0
87.0
22.0
142.0
97.0
15.0
37.0
133.0
108.0
68.0
134.0
150.0
47.0
95.0
101.0
51.0
107.0
17.0
57.0
56.0
50.0
122.0
87.0
57.0
25.0
95.0
127.0
151.0
122.0
105.0
118.0
111.0
50.0
133.0
24.0
113.0
122.0
14.0
55.0
119.0
140.0
129.0
62.0
55.0
23.0
90.0
52.0
97.0
30.0
55.0
82.0
57.0
35.0
68.0
63.0
110.0
109.0
110.0
22.0
60.0
76.0
46.0
36.0
30.0
97.0
42.0
56.0
56.0
77.0
27.0
68.0
66.0
85.0
21.0
97.0
37.0
84.0
58.0
31.0
44.0
74.0
87.0
110.0
49.0
89.0
97.0
47.0
46.0
108.0
57.0
65.0
64.0
44.0
65.0
58.0
8.0
83.0
9.0
39.0
95.0
79.0
13.0
33.0
58.0
45.0
69.0
47.0
33.0
69.0
58.0
47.0
94.0
53.0
108.0
75.0
42.0
83.0
89.0
82.0
65.0
42.0
88.0
46.0
11.0
61.0
50.0
32.0
57.0
50.0
94.0
0.7130194902420044
0.5974441766738892
0.5906352996826172
0.5651326775550842
0.5224189758300781
0.5109872817993164
0.48936259746551514
0.4890803098678589
0.48595568537712097
0.4716138243675232
0.44914427399635315
0.44445234537124634
0.4413534998893738
0.43173035979270935
0.42519018054008484
0.40242764353752136
0.3996054232120514
0.391226589679718
0.38993415236473083
0.3852282166481018
0.3779855966567993
0.35534512996673584
0.35446375608444214
0.3540571630001068
0.3520207107067108
0.3515196442604065
0.34399646520614624
0.34289202094078064
0.3332766592502594
0.32945695519447327
0.32778826355934143
0.32672345638275146
0.3201313614845276
0.31652510166168213
0.3131924867630005
0.31234288215637207
0.309722363948822
0.30767321586608887
0.3032999634742737
0.27337774634361267
0.2712274193763733
0.2628841996192932
0.24895507097244263
0.2286612093448639
0.22663496434688568
0.22159259021282196
0.21399109065532684
0.21210893988609314
0.21168984472751617
0.20804251730442047
0.2055753618478775
0.20393814146518707
0.17461355030536652
0.17142151296138763
0.17023304104804993
0.16926129162311554
0.16915883123874664
0.16435909271240234
0.15774114429950714
0.14995339512825012
0.1487581580877304
0.14324475824832916
0.13286909461021423
0.12592092156410217
0.10792534053325653
0.10458928346633911
0.10035380721092224
0.09369315952062607
0.07352899760007858
0.06307914853096008
0.061613887548446655
0.043389007449150085
0.039198461920022964
0.03917664289474487
0.03771701827645302
0.03731097653508186
0.028503304347395897
0.028238672763109207
0.026409219950437546
0.024555407464504242
0.02349705807864666
0.022837450727820396
0.021121157333254814
0.02018497698009014
0.017062265425920486
