3
81
41.0
20.0
41.0
63.0
109.0
126.0
73.0
109.0
61.0
53.0
133.0
76.0
134.0
107.0
115.0
90.0
124.0
108.0
72.0
101.0
90.0
98.0
144.0
88.0
78.0
87.0
89.0
73.0
114.0
52.0
137.0
99.0
122.0
74.0
87.0
140.0
31.0
144.0
80.0
116.0
106.0
25.0
43.0
91.0
101.0
123.0
60.0
113.0
124.0
139.0
65.0
55.0
115.0
141.0
149.0
72.0
126.0
76.0
96.0
54.0
98.0
20.0
134.0
30.0
133.0
45.0
86.0
62.0
128.0
110.0
151.0
130.0
127.0
64.0
81.0
151.0
61.0
110.0
134.0
26.0
66.0
58.0
56.0
37.0
96.0
33.0
34.0
96.0
109.0
108.0
58.0
66.0
24.0
56.0
84.0
58.0
109.0
98.0
49.0
108.0
70.0
97.0
50.0
64.0
30.0
38.0
57.0
69.0
59.0
91.0
38.0
91.0
34.0
86.0
86.0
78.0
76.0
58.0
109.0
50.0
26.0
97.0
34.0
66.0
50.0
59.0
46.0
50.0
67.0
78.0
48.0
81.0
66.0
16.0
10.0
48.0
45.0
65.0
68.0
89.0
10.0
83.0
70.0
84.0
67.0
45.0
92.0
85.0
45.0
109.0
77.0
100.0
96.0
51.0
58.0
67.0
87.0
65.0
72.0
35.0
8.0
70.0
0.6128950119018555
0.5603188872337341
0.5601423382759094
0.5350311398506165
0.5336353778839111
0.526329755783081
0.5008054971694946
0.4925552308559418
0.484673410654068
0.4675944447517395
0.45384863018989563
0.452818900346756
0.4453146457672119
0.44387900829315186
0.4393403232097626
0.41974109411239624
0.41258320212364197
0.4099455177783966
0.40941718220710754
0.4085744619369507
0.40426862239837646
0.4020053744316101
0.36974745988845825
0.35930296778678894
0.3562386929988861
0.3531959652900696
0.35037925839424133
0.34074467420578003
0.3318544328212738
0.3240826427936554
0.31800398230552673
0.3023257553577423
0.27968448400497437
0.27341729402542114
0.26962870359420776
0.26714378595352173
0.24861177802085876
0.24700161814689636
0.24041689932346344
0.23322661221027374
0.2318888157606125
0.2307627946138382
0.22181591391563416
0.20483310520648956
0.19806033372879028
0.19665628671646118
0.17603157460689545
0.1724003404378891
0.17058871686458588
0.16667595505714417
0.1596030741930008
0.1569209098815918
0.15478545427322388
0.14765004813671112
0.1445588767528534
0.1378227025270462
0.12776975333690643
0.12341556698083878
0.11843981593847275
0.11728226393461227
0.1106763631105423
0.10605058073997498
0.09997612982988358
0.0966530293226242
0.09207192808389664
0.0784914642572403
0.06286844611167908
0.05708302929997444
0.04364818334579468
0.04203454777598381
0.039385732263326645
0.036358244717121124
0.03344326466321945
0.03156617656350136
0.03116881102323532
0.02750355377793312
0.025278989225625992
0.02499334141612053
0.0237683467566967
0.02266777865588665
0.022306520491838455
