3
76
70.0
106.0
116.0
100.0
44.0
114.0
100.0
134.0
100.0
107.0
93.0
81.0
67.0
22.0
84.0
64.0
33.0
32.0
124.0
103.0
67.0
116.0
103.0
10.0
68.0
79.0
83.0
35.0
12.0
23.0
90.0
79.0
93.0
64.0
79.0
107.0
99.0
90.0
82.0
130.0
64.0
72.0
138.0
128.0
43.0
124.0
67.0
143.0
144.0
46.0
138.0
116.0
102.0
16.0
90.0
127.0
149.0
115.0
130.0
19.0
115.0
55.0
127.0
53.0
79.0
104.0
46.0
55.0
145.0
51.0
120.0
73.0
60.0
62.0
122.0
17.0
39.0
59.0
36.0
35.0
59.0
85.0
51.0
64.0
84.0
91.0
70.0
71.0
108.0
59.0
51.0
60.0
59.0
38.0
57.0
19.0
97.0
97.0
108.0
57.0
25.0
58.0
98.0
68.0
72.0
72.0
51.0
80.0
60.0
46.0
31.0
28.0
96.0
36.0
108.0
13.0
85.0
51.0
108.0
91.0
38.0
68.0
69.0
86.0
57.0
68.0
49.0
51.0
68.0
35.0
83.0
84.0
15.0
65.0
76.0
48.0
78.0
65.0
48.0
47.0
87.0
78.0
13.0
59.0
52.0
52.0
108.0
69.0
109.0
97.0
95.0
8.0
0.7121855616569519
0.6633821725845337
0.5809070467948914
0.5560613870620728
0.5205100774765015
0.48389896750450134
0.48082515597343445
0.4716639816761017
0.4707120358943939
0.46448010206222534
0.45895475149154663
0.4587225019931793
0.4577804505825043
0.4395723342895508
0.4360010623931885
0.4341007471084595
0.4222721457481384
0.4143388271331787
0.4095214605331421
0.39586779475212097
0.3665665090084076
0.3576071858406067
0.3549943268299103
0.3470505475997925
0.344605952501297
0.3382817804813385
0.3339823782444
0.33275291323661804
0.3320898413658142
0.33088913559913635
0.32269760966300964
0.31875115633010864
0.3106005787849426
0.30735668540000916
0.3040022850036621
0.2897551357746124
0.2851322591304779
0.28356993198394775
0.2809697389602661
0.2792372405529022
0.2706295847892761
0.25059640407562256
0.25056853890419006
0.24462538957595825
0.24338123202323914
0.23577119410037994
0.1976286768913269
0.19707611203193665
0.19629018008708954
0.1897035390138626
0.18758852779865265
0.18538887798786163
0.17994491755962372
0.17786213755607605
0.15875482559204102
0.1437254399061203
0.14134527742862701
0.1363106220960617
0.11790387332439423
0.10433102399110794
0.1038651317358017
0.10091506689786911
0.08568502962589264
0.07951860874891281
0.06385014951229095
0.05197644233703613
0.03828049451112747
0.034755416214466095
0.02884211204946041
0.025930238887667656
0.024642758071422577
0.023162366822361946
0.02112123742699623
0.018908893689513206
0.018404856324195862
0.016537686809897423
