3
88
128.0
138.0
32.0
71.0
116.0
32.0
80.0
117.0
100.0
131.0
101.0
62.0
82.0
99.0
110.0
115.0
108.0
43.0
102.0
65.0
44.0
68.0
79.0
94.0
45.0
85.0
95.0
93.0
73.0
93.0
127.0
68.0
65.0
108.0
84.0
87.0
80.0
143.0
133.0
132.0
22.0
9.0
65.0
119.0
131.0
124.0
105.0
54.0
45.0
138.0
106.0
15.0
34.0
44.0
148.0
74.0
44.0
115.0
149.0
54.0
108.0
18.0
119.0
93.0
12.0
47.0
117.0
99.0
73.0
53.0
101.0
126.0
150.0
147.0
20.0
137.0
116.0
127.0
54.0
108.0
66.0
93.0
79.0
59.0
20.0
9.0
10.0
32.0
55.0
63.0
59.0
38.0
79.0
37.0
58.0
100.0
85.0
92.0
49.0
100.0
70.0
98.0
24.0
87.0
93.0
100.0
32.0
59.0
38.0
23.0
79.0
70.0
59.0
49.0
59.0
34.0
51.0
50.0
65.0
68.0
87.0
58.0
99.0
87.0
29.0
47.0
76.0
11.0
59.0
56.0
44.0
32.0
47.0
99.0
67.0
71.0
10.0
111.0
15.0
34.0
66.0
91.0
87.0
68.0
84.0
45.0
56.0
47.0
86.0
48.0
50.0
42.0
66.0
70.0
65.0
111.0
99.0
13.0
78.0
44.0
51.0
102.0
66.0
53.0
111.0
85.0
61.0
81.0
77.0
99.0
99.0
59.0
35.0
35.0
47.0
47.0
0.7410839200019836
0.6872498393058777
0.6565555930137634
0.6338306069374084
0.5768436193466187
0.5701794624328613
0.5688457489013672
0.5640535354614258
0.5516251921653748
0.5338943600654602
0.5033965706825256
0.5009360909461975
0.4704239070415497
0.43675175309181213
0.43618321418762207
0.41773051023483276
0.4161682724952698
0.41312065720558167
0.3948054313659668
0.3863355815410614
0.371104896068573
0.36882999539375305
0.36428573727607727
0.3628759980201721
0.34653061628341675
0.3427064120769501
0.33784782886505127
0.3372848927974701
0.3349016606807709
0.3235088586807251
0.3235083222389221
0.30760711431503296
0.30287182331085205
0.3011770248413086
0.29802387952804565
0.2936194837093353
0.2921935021877289
0.28625109791755676
0.2835342586040497
0.2784920632839203
0.2684856951236725
0.26642951369285583
0.2560076415538788
0.23964479565620422
0.23324434459209442
0.22377467155456543
0.2032807618379593
0.2026493400335312
0.1942141205072403
0.18911223113536835
0.177180677652359
0.15509794652462006
0.1545036882162094
0.14902089536190033
0.14751705527305603
0.14612352848052979
0.13695916533470154
0.12374018877744675
0.11910197883844376
0.11027232557535172
0.10724706202745438
0.10187593102455139
0.08828449994325638
0.0859641432762146
0.08056912571191788
0.0770687460899353
0.07021047174930573
0.062284912914037704
0.0556320957839489
0.049805011600255966
0.04496245086193085
0.044393133372068405
0.04046861454844475
0.04009270668029785
0.035119280219078064
0.03396253660321236
0.033540550619363785
0.03215819597244263
0.031798988580703735
0.027737176045775414
0.026035260409116745
0.022470688447356224
0.020670417696237564
0.018703890964388847
0.018302954733371735
0.018126247450709343
0.018014296889305115
0.015334704890847206
