3
86
39.0
133.0
71.0
77.0
106.0
122.0
114.0
61.0
107.0
30.0
74.0
40.0
107.0
98.0
143.0
85.0
110.0
113.0
71.0
72.0
50.0
51.0
59.0
100.0
131.0
86.0
18.0
125.0
90.0
75.0
87.0
107.0
98.0
42.0
89.0
89.0
63.0
71.0
151.0
71.0
136.0
138.0
115.0
23.0
53.0
79.0
148.0
120.0
112.0
64.0
139.0
85.0
143.0
101.0
122.0
124.0
122.0
28.0
86.0
105.0
18.0
53.0
59.0
136.0
98.0
95.0
62.0
115.0
150.0
97.0
27.0
129.0
131.0
128.0
61.0
93.0
136.0
100.0
107.0
96.0
123.0
122.0
66.0
60.0
109.0
24.0
37.0
56.0
109.0
38.0
84.0
98.0
58.0
97.0
49.0
59.0
24.0
59.0
109.0
50.0
64.0
58.0
17.0
91.0
97.0
87.0
38.0
58.0
108.0
70.0
66.0
30.0
56.0
34.0
50.0
68.0
69.0
33.0
34.0
68.0
109.0
97.0
80.0
45.0
86.0
59.0
91.0
76.0
26.0
34.0
66.0
51.0
48.0
86.0
67.0
69.0
10.0
84.0
109.0
59.0
79.0
50.0
64.0
67.0
79.0
97.0
70.0
11.0
50.0
48.0
42.0
89.0
88.0
16.0
101.0
83.0
48.0
109.0
45.0
97.0
45.0
35.0
85.0
97.0
78.0
109.0
109.0
45.0
59.0
13.0
72.0
8.0
0.7395256161689758
0.6513100862503052
0.647779643535614
0.6189501881599426
0.5781351923942566
0.5372642278671265
0.529683530330658
0.5262824892997742
0.491260826587677
0.4709637761116028
0.46827203035354614
0.4552241563796997
0.44696909189224243
0.4423142075538635
0.441699743270874
0.4342738687992096
0.4138200581073761
0.41169974207878113
0.402197003364563
0.4018160104751587
0.4007077217102051
0.38847848773002625
0.3752962350845337
0.3630269169807434
0.3613132834434509
0.36038026213645935
0.35910239815711975
0.35456255078315735
0.32603809237480164
0.3246973156929016
0.32289132475852966
0.31831175088882446
0.3154311180114746
0.31125661730766296
0.2879136800765991
0.2851850390434265
0.2818237841129303
0.27913761138916016
0.2767314612865448
0.27338406443595886
0.2716175317764282
0.2601342797279358
0.24011793732643127
0.23751166462898254
0.23294709622859955
0.22945678234100342
0.22319376468658447
0.21000121533870697
0.2053379863500595
0.1968829184770584
0.19405841827392578
0.19289374351501465
0.18021506071090698
0.17826323211193085
0.169043630361557
0.16406047344207764
0.15534597635269165
0.12987065315246582
0.12453494966030121
0.11951878666877747
0.11505813151597977
0.09723756462335587
0.07692773640155792
0.0693635419011116
0.06533516198396683
0.06372446566820145
0.06171814724802971
0.05695642530918121
0.053068194538354874
0.051036812365055084
0.050421979278326035
0.04465804994106293
0.04419970512390137
0.04224857687950134
0.04044894874095917
0.03198110684752464
0.028244242072105408
0.026357969269156456
0.025603944435715675
0.025385001674294472
0.024701111018657684
0.022548764944076538
0.021362869068980217
0.01993245631456375
0.016442840918898582
0.015238496474921703
