3
80
134.0
109.0
73.0
89.0
133.0
101.0
109.0
64.0
53.0
108.0
115.0
78.0
41.0
87.0
72.0
73.0
43.0
126.0
41.0
122.0
92.0
76.0
20.0
116.0
124.0
144.0
74.0
62.0
90.0
149.0
106.0
137.0
107.0
73.0
90.0
52.0
88.0
99.0
124.0
80.0
114.0
139.0
102.0
99.0
25.0
113.0
144.0
111.0
21.0
32.0
76.0
141.0
138.0
125.0
87.0
67.0
55.0
133.0
86.0
63.0
62.0
26.0
126.0
123.0
98.0
96.0
63.0
134.0
130.0
30.0
81.0
151.0
134.0
28.0
54.0
131.0
60.0
47.0
151.0
68.0
56.0
34.0
97.0
70.0
67.0
70.0
109.0
97.0
59.0
50.0
58.0
39.0
59.0
58.0
45.0
109.0
67.0
34.0
37.0
86.0
50.0
25.0
57.0
26.0
98.0
64.0
85.0
108.0
97.0
48.0
97.0
92.0
84.0
59.0
109.0
38.0
31.0
35.0
79.0
51.0
92.0
77.0
60.0
51.0
35.0
17.0
109.0
68.0
70.0
59.0
68.0
10.0
48.0
65.0
79.0
82.0
67.0
46.0
85.0
59.0
47.0
8.0
51.0
46.0
83.0
89.0
65.0
84.0
109.0
67.0
68.0
87.0
36.0
48.0
10.0
97.0
52.0
91.0
100.0
68.0
0.6063628792762756
0.5832594633102417
0.5417302846908569
0.5346449017524719
0.5109013319015503
0.5079725980758667
0.5061624050140381
0.5030161142349243
0.4925353527069092
0.48639193177223206
0.47166889905929565
0.45344021916389465
0.4527856111526489
0.4469011127948761
0.4132783114910126
0.40672433376312256
0.40407493710517883
0.39841222763061523
0.3978215754032135
0.38713037967681885
0.37057867646217346
0.3702350854873657
0.3559001684188843
0.3551149070262909
0.35341331362724304
0.3261587619781494
0.3254883587360382
0.31194451451301575
0.31106242537498474
0.3092395067214966
0.30119484663009644
0.29950881004333496
0.2994508743286133
0.29005229473114014
0.2810280919075012
0.2758011817932129
0.27483609318733215
0.27296313643455505
0.27173858880996704
0.25286391377449036
0.2437952607870102
0.20848813652992249
0.20340245962142944
0.19350942969322205
0.18527965247631073
0.18452109396457672
0.18408134579658508
0.17622524499893188
0.17387095093727112
0.17056959867477417
0.16844217479228973
0.16473622620105743
0.15661489963531494
0.1544502079486847
0.15092283487319946
0.14675617218017578
0.13219612836837769
0.13120591640472412
0.1262778639793396
0.10486440360546112
0.09332246333360672
0.09098450839519501
0.09079404175281525
0.08444557338953018
0.08130785077810287
0.07702019810676575
0.07595575600862503
0.06829123944044113
0.06583840399980545
0.060016922652721405
0.05400058627128601
0.03190721571445465
0.03174504265189171
0.03145756945014
0.031064646318554878
0.02621002309024334
0.017905283719301224
0.017499271780252457
0.017390409484505653
0.01630537398159504
