3
80
120.0
142.0
37.0
86.0
111.0
51.0
52.0
98.0
36.0
104.0
66.0
131.0
68.0
130.0
113.0
105.0
134.0
106.0
83.0
48.0
75.0
112.0
88.0
69.0
72.0
77.0
87.0
96.0
104.0
69.0
57.0
147.0
69.0
83.0
49.0
84.0
120.0
92.0
124.0
27.0
54.0
151.0
142.0
135.0
14.0
88.0
39.0
109.0
72.0
119.0
103.0
123.0
53.0
17.0
19.0
141.0
96.0
100.0
118.0
137.0
24.0
108.0
36.0
24.0
122.0
62.0
128.0
136.0
49.0
77.0
109.0
56.0
150.0
52.0
59.0
127.0
95.0
83.0
98.0
113.0
95.0
59.0
55.0
66.0
88.0
107.0
94.0
66.0
33.0
106.0
107.0
51.0
94.0
62.0
20.0
45.0
87.0
29.0
75.0
34.0
34.0
54.0
46.0
41.0
20.0
47.0
94.0
30.0
81.0
56.0
67.0
43.0
84.0
54.0
55.0
26.0
75.0
85.0
29.0
56.0
76.0
82.0
106.0
43.0
54.0
107.0
63.0
11.0
64.0
82.0
94.0
46.0
85.0
63.0
31.0
49.0
46.0
56.0
41.0
72.0
44.0
64.0
43.0
32.0
61.0
56.0
94.0
8.0
8.0
64.0
75.0
47.0
93.0
63.0
41.0
80.0
55.0
81.0
94.0
67.0
0.667292594909668
0.6371079683303833
0.573905885219574
0.5667100548744202
0.5643631815910339
0.559010922908783
0.5390605926513672
0.4817284047603607
0.47933414578437805
0.4754244089126587
0.4752071797847748
0.47319549322128296
0.4718472361564636
0.45839154720306396
0.4570015072822571
0.44966256618499756
0.4471397399902344
0.440106600522995
0.43719685077667236
0.4288140833377838
0.42542794346809387
0.4247903823852539
0.4231726825237274
0.4224260449409485
0.4179288148880005
0.41497233510017395
0.3921930193901062
0.3820444643497467
0.3793552815914154
0.3391236960887909
0.3360951542854309
0.3316822350025177
0.3224165141582489
0.3150695562362671
0.30112457275390625
0.30111393332481384
0.2984068691730499
0.29504063725471497
0.2877458333969116
0.26757606863975525
0.2647077441215515
0.2566777467727661
0.25288987159729004
0.2524665892124176
0.24313345551490784
0.23534581065177917
0.22647999227046967
0.22384224832057953
0.21648386120796204
0.1926385462284088
0.17079482972621918
0.17011341452598572
0.16633787751197815
0.16225171089172363
0.1491071581840515
0.14688074588775635
0.14378070831298828
0.13274343311786652
0.12605713307857513
0.11642184853553772
0.10302779823541641
0.10033596307039261
0.08593884855508804
0.08430301398038864
0.08275232464075089
0.06928954273462296
0.06443357467651367
0.061804722994565964
0.0612889863550663
0.05507461354136467
0.054467715322971344
0.03687703609466553
0.03384612128138542
0.030021915212273598
0.027193566784262657
0.026263412088155746
0.023038756102323532
0.02036348730325699
0.019845111295580864
0.017397169023752213
