3
78
127.0
94.0
94.0
39.0
74.0
27.0
117.0
66.0
76.0
27.0
59.0
17.0
111.0
118.0
64.0
18.0
109.0
67.0
77.0
99.0
101.0
49.0
102.0
64.0
95.0
111.0
109.0
88.0
123.0
38.0
75.0
101.0
132.0
79.0
99.0
87.0
94.0
65.0
135.0
30.0
59.0
41.0
14.0
150.0
77.0
85.0
49.0
9.0
64.0
63.0
74.0
142.0
110.0
137.0
14.0
110.0
151.0
84.0
121.0
121.0
131.0
137.0
87.0
147.0
75.0
49.0
121.0
8.0
126.0
67.0
102.0
100.0
68.0
114.0
41.0
84.0
147.0
85.0
66.0
37.0
52.0
59.0
59.0
37.0
69.0
40.0
71.0
59.0
46.0
59.0
97.0
58.0
26.0
72.0
66.0
52.0
97.0
107.0
60.0
68.0
30.0
107.0
85.0
39.0
86.0
71.0
17.0
38.0
33.0
91.0
107.0
52.0
21.0
61.0
96.0
86.0
87.0
72.0
60.0
68.0
35.0
89.0
107.0
84.0
47.0
96.0
96.0
68.0
85.0
19.0
53.0
59.0
48.0
79.0
25.0
38.0
91.0
85.0
52.0
52.0
66.0
65.0
79.0
60.0
51.0
71.0
105.0
74.0
78.0
69.0
69.0
106.0
9.0
90.0
18.0
52.0
0.7000138163566589
0.6825169920921326
0.6342573761940002
0.6113296151161194
0.5378421545028687
0.5265456438064575
0.5134877562522888
0.49786698818206787
0.4908764064311981
0.47353029251098633
0.46915683150291443
0.46895480155944824
0.42788025736808777
0.41038474440574646
0.41004279255867004
0.40539056062698364
0.4004468023777008
0.3997848927974701
0.3849862217903137
0.3814683258533478
0.37594643235206604
0.3726508617401123
0.368766725063324
0.36628207564353943
0.3645074963569641
0.35095494985580444
0.3495663106441498
0.34132301807403564
0.3376508951187134
0.33075159788131714
0.33066436648368835
0.2892429530620575
0.28090983629226685
0.27260830998420715
0.26868656277656555
0.2568552494049072
0.2556462585926056
0.24474887549877167
0.2320299744606018
0.22607730329036713
0.22369854152202606
0.2145778387784958
0.21040581166744232
0.2061280757188797
0.19419518113136292
0.17062513530254364
0.1558704972267151
0.15569795668125153
0.1532157063484192
0.1471707671880722
0.14598838984966278
0.14033257961273193
0.12291408330202103
0.10191041976213455
0.09647493064403534
0.09541962295770645
0.09506042301654816
0.09236202389001846
0.08927874267101288
0.08625569939613342
0.0742468535900116
0.0662616416811943
0.05715383216738701
0.05710458382964134
0.056846506893634796
0.05556783080101013
0.038351066410541534
0.03357554227113724
0.03168267384171486
0.029296210035681725
0.028803709894418716
0.02817116305232048
0.026505010202527046
0.02525627426803112
0.024637926369905472
0.023361830040812492
0.0162429828196764
0.015284455381333828
