76
7
0.0
0.18934493024283316
2.0
78.0
163.0
238.0
319.0
1.0
0.20457554202733697
4.0
84.0
175.0
237.0
326.0
2.0
0.2028240999571015
28.0
99.0
158.0
246.0
338.0
3.0
0.16438944365416663
3.0
85.0
167.0
239.0
327.0
4.0
0.1761942378334842
30.0
112.0
174.0
261.0
335.0
6.0
0.22907083791609448
1.0
95.0
186.0
243.0
333.0
7.0
0.1863546151684563
0.0
96.0
161.0
245.0
332.0
8.0
0.17580946105572348
16.0
102.0
165.0
253.0
323.0
9.0
0.2083030822712621
21.0
81.0
179.0
257.0
321.0
10.0
0.17765824044459588
14.0
80.0
171.0
262.0
344.0
11.0
0.21748406388648434
8.0
86.0
181.0
256.0
330.0
12.0
0.17476755887702888
25.0
79.0
154.0
260.0
322.0
13.0
0.20229102989454706
50.0
104.0
169.0
250.0
328.0
15.0
0.19640392040951848
54.0
139.0
183.0
292.0
355.0
16.0
0.17735847042114505
29.0
118.0
199.0
288.0
365.0
17.0
0.1720869275780853
6.0
82.0
156.0
264.0
345.0
18.0
0.1844640668098089
18.0
103.0
166.0
251.0
329.0
20.0
0.17988741381445816
38.0
113.0
168.0
267.0
343.0
21.0
0.1734485387478959
27.0
89.0
162.0
249.0
349.0
22.0
0.2026930598833525
19.0
94.0
157.0
244.0
334.0
23.0
0.18180208551162202
11.0
119.0
184.0
271.0
357.0
24.0
0.21779115062367538
35.0
83.0
160.0
287.0
377.0
25.0
0.2268969794927605
43.0
91.0
170.0
252.0
325.0
27.0
0.1578646333409044
44.0
121.0
159.0
255.0
339.0
28.0
0.23105687692782695
48.0
87.0
182.0
268.0
342.0
30.0
0.1980161328377692
24.0
92.0
207.0
291.0
363.0
31.0
0.25673821212079506
55.0
132.0
221.0
293.0
380.0
32.0
0.2635108166903004
61.0
114.0
196.0
283.0
353.0
33.0
0.2272861877062251
10.0
88.0
195.0
248.0
346.0
34.0
0.194865954206068
32.0
123.0
187.0
270.0
324.0
35.0
0.2170369545253763
41.0
98.0
176.0
242.0
320.0
36.0
0.18296975711521776
17.0
111.0
189.0
263.0
382.0
37.0
0.23202933410288296
33.0
122.0
173.0
258.0
359.0
38.0
0.23894562615430337
22.0
110.0
198.0
275.0
354.0
39.0
0.21196918703179524
37.0
125.0
200.0
278.0
381.0
40.0
0.21399598231085923
70.0
129.0
185.0
272.0
364.0
41.0
0.21920281685035103
40.0
117.0
208.0
279.0
361.0
43.0
0.1807740354894074
7.0
93.0
216.0
247.0
371.0
44.0
0.19001671335459935
34.0
135.0
177.0
286.0
374.0
45.0
0.20279777856412728
63.0
109.0
212.0
265.0
379.0
46.0
0.33673206769620023
36.0
131.0
201.0
285.0
376.0
53.0
0.2016362822200648
47.0
138.0
202.0
295.0
358.0
58.0
0.20323649215638595
52.0
141.0
205.0
298.0
384.0
64.0
0.2784203623109763
69.0
137.0
206.0
301.0
386.0
67.0
0.19192517439448253
57.0
133.0
226.0
314.0
389.0
68.0
0.38031852076262673
51.0
144.0
232.0
312.0
396.0
70.0
0.19743386469933544
53.0
115.0
213.0
273.0
352.0
84.0
0.27880674927502014
72.0
130.0
197.0
296.0
356.0
85.0
0.23890562301963314
9.0
100.0
178.0
266.0
337.0
88.0
0.235278796719399
12.0
90.0
155.0
240.0
336.0
89.0
0.21404000252817923
42.0
116.0
172.0
259.0
347.0
92.0
0.1954600469319985
20.0
127.0
191.0
294.0
367.0
100.0
0.23129542443689388
71.0
108.0
193.0
290.0
362.0
102.0
0.17998064513358258
58.0
136.0
214.0
269.0
366.0
108.0
0.1762537357299152
23.0
97.0
194.0
284.0
351.0
110.0
0.23093492719272038
5.0
105.0
180.0
274.0
341.0
122.0
0.274985333555378
46.0
142.0
220.0
315.0
369.0
126.0
0.37822539638727903
65.0
148.0
211.0
306.0
400.0
128.0
0.20977968745864925
74.0
140.0
215.0
299.0
370.0
138.0
0.23562184628099203
26.0
106.0
203.0
289.0
360.0
139.0
0.275197465904057
56.0
128.0
209.0
280.0
350.0
141.0
0.2856686934828758
13.0
101.0
164.0
241.0
340.0
149.0
0.22246548036734265
-1.0
143.0
224.0
313.0
398.0
150.0
0.22501821319262189
-1.0
149.0
217.0
276.0
393.0
151.0
0.22418321172396344
-1.0
150.0
190.0
277.0
348.0
153.0
0.18924561639626822
-1.0
152.0
227.0
311.0
385.0
154.0
0.3003736039002737
-1.0
153.0
192.0
282.0
373.0
155.0
0.27187788486480713
-1.0
-1.0
219.0
304.0
388.0
157.0
0.2591525614261627
-1.0
-1.0
228.0
310.0
397.0
163.0
0.20569008588790894
-1.0
-1.0
236.0
309.0
391.0
164.0
0.14265336096286774
-1.0
-1.0
-1.0
254.0
331.0
165.0
0.3212336003780365
-1.0
-1.0
-1.0
281.0
368.0
166.0
0.1756204515695572
-1.0
-1.0
-1.0
297.0
390.0
167.0
0.18791185319423676
-1.0
-1.0
-1.0
300.0
395.0
168.0
0.14247064292430878
-1.0
-1.0
-1.0
302.0
383.0
169.0
0.32955148816108704
-1.0
-1.0
-1.0
307.0
372.0
