76
7
0.0
0.16830976903678244
18.0
89.0
182.0
275.0
340.0
1.0
0.1932369695790306
15.0
88.0
186.0
270.0
353.0
2.0
0.15724206944619432
7.0
103.0
210.0
255.0
336.0
3.0
0.14006444286589514
8.0
113.0
178.0
256.0
339.0
4.0
0.1684183915992716
33.0
117.0
209.0
290.0
369.0
6.0
0.19426058474192945
6.0
107.0
179.0
263.0
342.0
7.0
0.15671696722721654
2.0
106.0
176.0
266.0
337.0
8.0
0.1620542242583922
24.0
110.0
206.0
279.0
344.0
9.0
0.15126445976018746
26.0
109.0
207.0
272.0
347.0
10.0
0.15628638852308813
17.0
114.0
201.0
293.0
367.0
11.0
0.1937520920386761
1.0
108.0
177.0
283.0
345.0
12.0
0.16263554287581622
10.0
92.0
197.0
276.0
335.0
13.0
0.17703161015222177
37.0
126.0
211.0
281.0
360.0
16.0
0.1834379390740859
36.0
132.0
200.0
295.0
361.0
17.0
0.17307591168697417
13.0
124.0
205.0
289.0
358.0
18.0
0.20184403237865645
20.0
118.0
208.0
288.0
378.0
20.0
0.1587929923345633
39.0
98.0
187.0
269.0
348.0
21.0
0.18642795017972758
9.0
112.0
181.0
258.0
350.0
22.0
0.17376888825687864
4.0
93.0
188.0
257.0
341.0
23.0
0.19929663833721034
25.0
119.0
180.0
280.0
364.0
24.0
0.18284851555900206
29.0
90.0
222.0
304.0
372.0
25.0
0.19146890357957658
38.0
127.0
212.0
294.0
377.0
27.0
0.12575757476018692
42.0
128.0
220.0
271.0
375.0
28.0
0.16311088739362578
3.0
116.0
214.0
259.0
357.0
30.0
0.1835903228291503
27.0
102.0
215.0
277.0
355.0
32.0
0.1899995563347194
41.0
135.0
228.0
305.0
373.0
33.0
0.1811979940625521
30.0
105.0
190.0
262.0
365.0
34.0
0.133939480316397
11.0
111.0
193.0
268.0
351.0
35.0
0.2166054713720426
0.0
95.0
195.0
267.0
349.0
36.0
0.17230212410363638
28.0
94.0
183.0
278.0
343.0
37.0
0.19044535196455892
31.0
120.0
194.0
274.0
362.0
38.0
0.2110970529549686
61.0
130.0
202.0
312.0
370.0
39.0
0.1660752896812116
46.0
138.0
218.0
296.0
376.0
40.0
0.16660731859110037
77.0
142.0
230.0
306.0
391.0
41.0
0.259811416782432
60.0
162.0
225.0
322.0
414.0
43.0
0.17013191093322116
32.0
97.0
203.0
284.0
366.0
44.0
0.1553854123065171
57.0
155.0
234.0
319.0
395.0
45.0
0.1790944904328325
52.0
131.0
219.0
273.0
356.0
46.0
0.25185432057447427
66.0
143.0
235.0
309.0
392.0
53.0
0.1845134081901641
35.0
125.0
191.0
291.0
371.0
67.0
0.22647723749340154
65.0
175.0
246.0
330.0
411.0
68.0
0.24033666645803914
76.0
137.0
233.0
323.0
388.0
70.0
0.16717158636101323
51.0
141.0
204.0
282.0
354.0
84.0
0.21528649712068862
47.0
134.0
232.0
316.0
389.0
85.0
0.18989742419767836
23.0
101.0
185.0
264.0
346.0
88.0
0.2505055221931259
14.0
91.0
184.0
265.0
338.0
89.0
0.21640539223131955
21.0
123.0
213.0
300.0
368.0
92.0
0.24030754681342947
78.0
166.0
253.0
328.0
418.0
100.0
0.21201089730190925
19.0
152.0
224.0
311.0
390.0
102.0
0.12849469373137506
45.0
122.0
221.0
314.0
396.0
108.0
0.22283691786037574
58.0
136.0
216.0
302.0
387.0
110.0
0.19552843613012122
16.0
121.0
223.0
301.0
402.0
122.0
0.2099311523254871
74.0
146.0
238.0
332.0
408.0
128.0
0.16368478939372919
53.0
147.0
236.0
298.0
379.0
138.0
0.2150472612541554
64.0
151.0
229.0
308.0
394.0
139.0
0.1728574884073426
49.0
129.0
198.0
286.0
381.0
141.0
0.24323801562419334
22.0
115.0
226.0
299.0
363.0
151.0
0.2548949185367917
12.0
96.0
199.0
260.0
352.0
163.0
0.18619565653773407
55.0
158.0
254.0
313.0
380.0
164.0
0.21433735105370033
5.0
99.0
192.0
261.0
359.0
165.0
0.23072760910531542
40.0
133.0
217.0
297.0
382.0
169.0
0.20698168140165762
43.0
104.0
189.0
287.0
383.0
171.0
0.1812591579518994
34.0
139.0
240.0
303.0
393.0
192.0
0.21322865062393248
62.0
150.0
231.0
320.0
399.0
196.0
0.19778733607381582
44.0
100.0
196.0
285.0
385.0
202.0
0.18551602214574814
72.0
156.0
239.0
324.0
401.0
206.0
0.15921886637806892
50.0
160.0
249.0
321.0
397.0
207.0
0.20520759001374245
69.0
153.0
242.0
315.0
404.0
208.0
0.38561534881591797
73.0
161.0
250.0
325.0
405.0
210.0
0.20499810203909874
83.0
164.0
247.0
318.0
407.0
217.0
0.23417365054289502
-1.0
168.0
227.0
292.0
374.0
220.0
0.16745460033416748
-1.0
-1.0
243.0
317.0
413.0
221.0
0.2937639616429806
-1.0
-1.0
245.0
327.0
410.0
223.0
0.2212821990251541
-1.0
-1.0
-1.0
307.0
398.0
224.0
0.05225978046655655
-1.0
-1.0
-1.0
310.0
384.0
225.0
0.33082056045532227
-1.0
-1.0
-1.0
326.0
386.0
