76
7
0.0
0.16799919754446496
1.0
94.0
187.0
252.0
348.0
1.0
0.20110136469361897
0.0
98.0
182.0
265.0
347.0
2.0
0.16229323655601452
15.0
122.0
167.0
248.0
350.0
3.0
0.14438983404103437
25.0
90.0
168.0
251.0
345.0
4.0
0.16412269626111828
29.0
121.0
202.0
281.0
355.0
6.0
0.20237518282987124
19.0
91.0
175.0
254.0
338.0
7.0
0.15657275140446125
18.0
88.0
178.0
249.0
332.0
8.0
0.17130479845831478
22.0
118.0
191.0
256.0
344.0
9.0
0.15798502480327964
21.0
119.0
184.0
259.0
334.0
10.0
0.16772048911951948
26.0
113.0
205.0
279.0
349.0
11.0
0.19562636831036578
20.0
89.0
195.0
257.0
336.0
12.0
0.16660600373617546
4.0
109.0
188.0
247.0
335.0
13.0
0.19240346084616858
38.0
123.0
193.0
272.0
371.0
16.0
0.19694799973550942
44.0
112.0
207.0
273.0
386.0
17.0
0.187579409991322
36.0
117.0
201.0
270.0
363.0
18.0
0.19915363250051646
30.0
120.0
200.0
290.0
352.0
20.0
0.15585959695354012
10.0
99.0
181.0
260.0
359.0
21.0
0.20527473041128494
24.0
93.0
170.0
262.0
339.0
22.0
0.16779777805651053
5.0
100.0
169.0
253.0
337.0
23.0
0.21237429601508045
31.0
92.0
192.0
276.0
369.0
24.0
0.17432367984113417
2.0
134.0
216.0
284.0
362.0
25.0
0.20088095155228955
39.0
124.0
206.0
289.0
395.0
27.0
0.1426512410665067
40.0
132.0
183.0
287.0
370.0
28.0
0.17202463029717818
28.0
126.0
171.0
269.0
331.0
30.0
0.17629225559298928
14.0
127.0
189.0
267.0
372.0
32.0
0.19554690703146557
47.0
140.0
217.0
285.0
385.0
33.0
0.2055669152060518
17.0
102.0
174.0
277.0
356.0
34.0
0.13381153757256004
23.0
105.0
180.0
263.0
340.0
35.0
0.21909005701499767
7.0
107.0
179.0
261.0
333.0
36.0
0.17278560042435737
6.0
95.0
190.0
255.0
351.0
37.0
0.1925260784971161
32.0
106.0
186.0
274.0
361.0
38.0
0.22241144721458614
42.0
114.0
224.0
282.0
375.0
39.0
0.16826906087596377
50.0
130.0
208.0
288.0
382.0
40.0
0.16343146433757424
54.0
142.0
218.0
303.0
392.0
41.0
0.2608019601684013
74.0
137.0
234.0
326.0
381.0
43.0
0.19010393999007702
9.0
115.0
196.0
278.0
380.0
44.0
0.16593396479705702
67.0
146.0
231.0
307.0
410.0
45.0
0.17938647570020994
43.0
131.0
185.0
268.0
354.0
46.0
0.24118893236567968
55.0
147.0
221.0
304.0
388.0
53.0
0.1857739711151668
37.0
103.0
203.0
283.0
346.0
68.0
0.22461393472044816
49.0
145.0
235.0
300.0
383.0
70.0
0.16406708494311747
53.0
116.0
194.0
266.0
364.0
84.0
0.21308798629390469
46.0
144.0
228.0
301.0
379.0
85.0
0.2129685180012022
13.0
97.0
176.0
258.0
342.0
88.0
0.2753036434215397
3.0
96.0
177.0
250.0
341.0
89.0
0.25051439593864544
35.0
125.0
212.0
280.0
368.0
92.0
0.23588160213764092
78.0
165.0
240.0
330.0
391.0
100.0
0.21376538433378706
64.0
136.0
223.0
302.0
396.0
102.0
0.1543851225786712
34.0
133.0
226.0
308.0
366.0
108.0
0.2032195487790308
48.0
128.0
214.0
299.0
387.0
110.0
0.19276338698404644
33.0
135.0
213.0
314.0
377.0
128.0
0.18037282605050967
59.0
148.0
210.0
291.0
378.0
138.0
0.196705088865879
63.0
141.0
220.0
306.0
376.0
139.0
0.16956197486344649
41.0
110.0
198.0
293.0
365.0
141.0
0.2326253158243805
27.0
138.0
211.0
275.0
353.0
151.0
0.27360503847572915
8.0
111.0
172.0
264.0
343.0
163.0
0.19139793133714988
70.0
166.0
225.0
292.0
401.0
164.0
0.22934979359041563
11.0
104.0
173.0
271.0
360.0
165.0
0.24486668862954275
45.0
129.0
209.0
294.0
374.0
169.0
0.21399070889884797
16.0
101.0
199.0
295.0
358.0
171.0
0.18101559780257048
51.0
152.0
215.0
305.0
357.0
192.0
0.21260858158348128
62.0
143.0
232.0
311.0
413.0
196.0
0.23364132014103234
12.0
108.0
197.0
297.0
394.0
206.0
0.1653735814616084
72.0
161.0
233.0
309.0
397.0
207.0
0.20176223572343588
65.0
154.0
227.0
316.0
373.0
208.0
0.38607509434223175
73.0
162.0
237.0
317.0
400.0
217.0
0.244270671159029
80.0
139.0
204.0
286.0
367.0
223.0
0.22890499234199524
-1.0
-1.0
219.0
310.0
403.0
224.0
0.08596925064921379
-1.0
-1.0
222.0
296.0
411.0
225.0
0.253372423350811
-1.0
-1.0
238.0
298.0
390.0
228.0
0.20697423815727234
-1.0
-1.0
-1.0
312.0
384.0
230.0
0.2797855734825134
-1.0
-1.0
-1.0
318.0
399.0
232.0
0.15090340375900269
-1.0
-1.0
-1.0
324.0
405.0
233.0
0.3995896577835083
-1.0
-1.0
-1.0
327.0
402.0
234.0
0.3055326044559479
-1.0
-1.0
-1.0
328.0
415.0
235.0
0.17648345232009888
-1.0
-1.0
-1.0
329.0
404.0
