80
7
0.0
0.15522482597810613
5.0
101.0
184.0
268.0
350.0
1.0
0.20054797516270514
18.0
100.0
201.0
263.0
357.0
2.0
0.16894410131132462
1.0
103.0
187.0
275.0
354.0
3.0
0.1603018759894984
4.0
98.0
176.0
270.0
348.0
4.0
0.15720655966385239
34.0
108.0
197.0
289.0
383.0
6.0
0.18526480132263015
7.0
91.0
172.0
281.0
352.0
7.0
0.15850546396405216
2.0
85.0
169.0
259.0
347.0
8.0
0.1641704895071998
9.0
97.0
183.0
272.0
368.0
9.0
0.15780551817177743
12.0
87.0
173.0
290.0
365.0
10.0
0.1519082743551241
32.0
102.0
191.0
274.0
390.0
11.0
0.19280251705445456
10.0
89.0
179.0
262.0
355.0
12.0
0.17331743157713006
0.0
88.0
177.0
258.0
380.0
13.0
0.2083623405896316
25.0
124.0
190.0
279.0
381.0
17.0
0.17629050628429105
23.0
116.0
212.0
287.0
371.0
18.0
0.19409259200136753
43.0
105.0
192.0
291.0
353.0
20.0
0.1506509721200793
13.0
112.0
210.0
284.0
361.0
21.0
0.195674490434305
15.0
92.0
185.0
269.0
359.0
22.0
0.18406605120087202
6.0
90.0
180.0
264.0
349.0
23.0
0.19398434348544988
29.0
122.0
186.0
278.0
375.0
24.0
0.19702903537681135
37.0
115.0
194.0
267.0
362.0
25.0
0.1893351975278128
42.0
148.0
237.0
312.0
387.0
27.0
0.15223627534611434
40.0
123.0
213.0
286.0
356.0
28.0
0.18869286124131585
22.0
84.0
170.0
260.0
363.0
30.0
0.16617388083384493
20.0
125.0
215.0
266.0
372.0
32.0
0.20404758311786508
38.0
138.0
196.0
293.0
360.0
33.0
0.20377902132400463
30.0
109.0
189.0
271.0
370.0
34.0
0.15106339321189355
16.0
93.0
204.0
276.0
377.0
35.0
0.23246440912579108
14.0
86.0
174.0
265.0
358.0
36.0
0.1771263523774656
8.0
104.0
181.0
285.0
389.0
37.0
0.17994426220993973
27.0
114.0
193.0
273.0
367.0
38.0
0.1945154867613466
35.0
128.0
202.0
298.0
373.0
39.0
0.16269576330361535
41.0
135.0
221.0
306.0
401.0
40.0
0.18180509322925476
56.0
145.0
232.0
320.0
409.0
41.0
0.21525925524733397
79.0
134.0
229.0
282.0
386.0
43.0
0.18898065999983168
31.0
133.0
223.0
296.0
366.0
44.0
0.1753353518822126
60.0
163.0
243.0
340.0
413.0
45.0
0.1757362825406079
21.0
107.0
188.0
295.0
369.0
46.0
0.220214402310482
57.0
141.0
227.0
303.0
398.0
53.0
0.19455808689405832
36.0
99.0
208.0
283.0
351.0
68.0
0.18382502194419614
53.0
136.0
217.0
323.0
395.0
70.0
0.15303784868185202
19.0
117.0
207.0
321.0
374.0
84.0
0.18918611986801281
54.0
132.0
198.0
302.0
393.0
85.0
0.20636005941598073
11.0
95.0
171.0
280.0
414.0
92.0
0.2072743996197452
83.0
144.0
231.0
309.0
412.0
100.0
0.20018478618921337
55.0
149.0
234.0
277.0
376.0
102.0
0.15189829206988104
61.0
119.0
209.0
292.0
385.0
108.0
0.17694552816709977
52.0
140.0
216.0
299.0
397.0
110.0
0.18752603742174734
67.0
130.0
226.0
308.0
399.0
128.0
0.1668097293524587
44.0
131.0
199.0
288.0
391.0
138.0
0.18203623791547052
59.0
129.0
228.0
316.0
411.0
139.0
0.16635912884688614
46.0
118.0
211.0
294.0
384.0
141.0
0.19928314022967028
28.0
106.0
195.0
301.0
388.0
164.0
0.258996516669904
24.0
113.0
175.0
261.0
364.0
165.0
0.22876160364714426
47.0
127.0
219.0
307.0
396.0
169.0
0.20162057836549874
48.0
111.0
220.0
305.0
379.0
171.0
0.1935347941797012
58.0
110.0
200.0
304.0
378.0
196.0
0.1990804510678572
50.0
147.0
205.0
315.0
394.0
206.0
0.17235833361337427
62.0
150.0
214.0
297.0
392.0
207.0
0.19877808513410855
69.0
126.0
239.0
333.0
408.0
208.0
0.37186444620601833
70.0
153.0
256.0
327.0
417.0
217.0
0.2136296927346848
39.0
120.0
238.0
317.0
382.0
223.0
0.24295352678745988
63.0
156.0
246.0
325.0
400.0
225.0
0.18394115148112178
51.0
143.0
225.0
313.0
406.0
228.0
0.18744349107146266
65.0
137.0
224.0
300.0
410.0
230.0
0.30338449403643614
71.0
152.0
248.0
324.0
423.0
233.0
0.24304022639989853
80.0
155.0
235.0
331.0
407.0
235.0
0.21048955619335175
82.0
157.0
236.0
322.0
424.0
236.0
0.15916491548220318
-1.0
142.0
206.0
310.0
425.0
238.0
0.16721791525681812
-1.0
151.0
240.0
311.0
405.0
242.0
0.15934576590855914
-1.0
162.0
252.0
342.0
416.0
245.0
0.24588622897863388
-1.0
-1.0
218.0
330.0
420.0
246.0
0.2179429903626442
-1.0
-1.0
230.0
337.0
415.0
248.0
0.20046795904636383
-1.0
-1.0
241.0
326.0
402.0
250.0
0.19971387833356857
-1.0
-1.0
247.0
319.0
427.0
254.0
0.25768622756004333
-1.0
-1.0
-1.0
314.0
403.0
255.0
0.1807260811328888
-1.0
-1.0
-1.0
329.0
428.0
257.0
0.1898120790719986
-1.0
-1.0
-1.0
341.0
430.0
258.0
0.2397550493478775
-1.0
-1.0
-1.0
344.0
419.0
259.0
0.24565546214580536
-1.0
-1.0
-1.0
345.0
433.0
260.0
0.2147388607263565
-1.0
-1.0
-1.0
346.0
418.0
