71
7
0.0
0.1339137869690603
0.0
87.0
164.0
240.0
317.0
1.0
0.15757435616251314
5.0
88.0
174.0
244.0
315.0
2.0
0.13021874707848724
9.0
81.0
167.0
248.0
321.0
3.0
0.12279013748411671
2.0
79.0
173.0
241.0
327.0
4.0
0.14518304381272173
4.0
114.0
196.0
269.0
330.0
6.0
0.19612823813631053
1.0
80.0
171.0
243.0
318.0
7.0
0.15779133752948837
16.0
86.0
163.0
246.0
319.0
8.0
0.13862149689157377
28.0
90.0
169.0
242.0
339.0
9.0
0.1870845926275706
22.0
89.0
175.0
260.0
316.0
10.0
0.1600326031439181
15.0
82.0
182.0
252.0
325.0
11.0
0.18038342757790815
7.0
108.0
172.0
267.0
334.0
12.0
0.15845505398221604
6.0
84.0
165.0
245.0
332.0
13.0
0.15916006314000697
23.0
113.0
183.0
268.0
338.0
15.0
0.15758233070300776
55.0
129.0
215.0
284.0
353.0
16.0
0.12563528278224112
12.0
106.0
199.0
271.0
348.0
17.0
0.15614907053288363
3.0
95.0
170.0
247.0
320.0
18.0
0.1476514172459673
35.0
85.0
168.0
255.0
324.0
20.0
0.15301749288846622
31.0
96.0
202.0
277.0
340.0
21.0
0.15553903860804041
24.0
102.0
166.0
253.0
347.0
22.0
0.1946268595092988
13.0
94.0
177.0
263.0
344.0
23.0
0.14931288280786248
36.0
131.0
207.0
272.0
322.0
24.0
0.1808354025997687
10.0
83.0
198.0
262.0
337.0
25.0
0.23043713666295673
32.0
117.0
205.0
257.0
346.0
27.0
0.1155446178041899
47.0
107.0
195.0
279.0
363.0
28.0
0.17520497426448856
43.0
110.0
190.0
293.0
357.0
30.0
0.15696966833274928
44.0
122.0
209.0
290.0
345.0
31.0
0.1776072567772644
41.0
127.0
214.0
300.0
373.0
32.0
0.17770466008005315
37.0
111.0
180.0
287.0
355.0
33.0
0.1828518814218114
11.0
93.0
193.0
265.0
350.0
34.0
0.15095274771374534
21.0
105.0
179.0
264.0
326.0
35.0
0.16884328771266155
29.0
97.0
194.0
249.0
336.0
36.0
0.13128407321764257
25.0
91.0
188.0
261.0
335.0
37.0
0.18036117564770393
18.0
109.0
176.0
250.0
329.0
38.0
0.2219201123746828
19.0
103.0
211.0
275.0
349.0
39.0
0.13507041010961984
30.0
119.0
200.0
280.0
342.0
40.0
0.158526239102315
34.0
126.0
212.0
281.0
359.0
41.0
0.19917660283317673
33.0
115.0
206.0
283.0
365.0
43.0
0.1431036654721538
27.0
92.0
178.0
251.0
369.0
44.0
0.16604750666374457
39.0
112.0
216.0
258.0
351.0
45.0
0.1366135498174117
14.0
98.0
181.0
254.0
341.0
46.0
0.27788762327691074
46.0
120.0
191.0
278.0
354.0
51.0
0.15461855411922443
68.0
137.0
210.0
291.0
333.0
52.0
0.25063132415773737
51.0
139.0
213.0
273.0
343.0
53.0
0.18036523781483993
72.0
141.0
186.0
288.0
364.0
57.0
0.18633158931210403
57.0
145.0
226.0
305.0
378.0
58.0
0.1628599923290679
60.0
118.0
220.0
282.0
360.0
64.0
0.24914130759891862
50.0
146.0
225.0
301.0
376.0
65.0
0.1437088954890413
65.0
133.0
231.0
296.0
375.0
67.0
0.1844386766521353
52.0
155.0
223.0
306.0
367.0
68.0
0.22776853478717385
53.0
121.0
222.0
302.0
382.0
70.0
0.1514935750492441
49.0
124.0
204.0
294.0
356.0
75.0
0.16045961688682553
63.0
138.0
203.0
285.0
366.0
79.0
0.16123481752583757
70.0
101.0
239.0
304.0
390.0
81.0
0.1543155912659131
38.0
128.0
201.0
295.0
371.0
84.0
0.2642799273598939
77.0
147.0
228.0
292.0
386.0
85.0
0.19142636435572058
17.0
104.0
185.0
270.0
328.0
88.0
0.2551363823004067
26.0
116.0
187.0
276.0
352.0
89.0
0.16139067127369344
40.0
134.0
230.0
297.0
372.0
90.0
0.22790273511782289
20.0
100.0
197.0
266.0
361.0
92.0
0.18557264795526865
8.0
99.0
192.0
274.0
331.0
94.0
0.16741459432523698
78.0
143.0
218.0
289.0
374.0
96.0
0.2052250038832426
67.0
149.0
221.0
299.0
370.0
100.0
0.17987920995801687
64.0
140.0
224.0
309.0
383.0
102.0
0.1658085100352764
58.0
130.0
184.0
308.0
381.0
107.0
0.28077516704797745
76.0
156.0
227.0
310.0
377.0
108.0
0.20624503990014395
-1.0
125.0
208.0
259.0
358.0
109.0
0.14223217467466992
-1.0
132.0
189.0
256.0
323.0
110.0
0.2357958555221558
-1.0
136.0
219.0
286.0
362.0
115.0
0.1451278254389763
-1.0
-1.0
232.0
313.0
385.0
119.0
0.053613193333148956
-1.0
-1.0
-1.0
298.0
387.0
122.0
0.21262924373149872
-1.0
-1.0
-1.0
311.0
368.0
