70
7
0.0
0.15328898938082602
1.0
77.0
154.0
237.0
316.0
1.0
0.17109014963580194
11.0
81.0
152.0
241.0
318.0
2.0
0.1518277998002855
4.0
85.0
158.0
253.0
342.0
3.0
0.13952068307685295
10.0
78.0
164.0
251.0
317.0
4.0
0.15297825707216361
33.0
106.0
167.0
263.0
344.0
6.0
0.2052002636127579
8.0
80.0
155.0
238.0
315.0
7.0
0.1587735481521122
0.0
83.0
156.0
233.0
314.0
8.0
0.14754964470989762
6.0
79.0
176.0
234.0
330.0
9.0
0.18247222606861158
12.0
97.0
153.0
236.0
335.0
10.0
0.145941589772292
19.0
89.0
162.0
262.0
328.0
11.0
0.19602051766833029
9.0
104.0
171.0
249.0
322.0
12.0
0.1771218488088313
2.0
82.0
169.0
248.0
339.0
13.0
0.16593526702695272
20.0
105.0
175.0
264.0
364.0
15.0
0.1721386441956838
52.0
121.0
190.0
277.0
368.0
16.0
0.14142737905729064
36.0
108.0
185.0
266.0
343.0
17.0
0.16675272364454274
7.0
84.0
157.0
246.0
320.0
18.0
0.16666374161308806
5.0
92.0
161.0
244.0
332.0
20.0
0.14471498558191342
39.0
114.0
177.0
261.0
352.0
21.0
0.16639523738784678
3.0
90.0
184.0
250.0
341.0
22.0
0.19734840468504444
14.0
100.0
181.0
240.0
333.0
23.0
0.17802922289092749
44.0
109.0
159.0
265.0
325.0
24.0
0.20488709765959356
35.0
99.0
174.0
239.0
349.0
25.0
0.21845236437746696
42.0
94.0
183.0
243.0
357.0
27.0
0.12819399207772708
32.0
116.0
200.0
270.0
358.0
28.0
0.19157941835965175
27.0
130.0
194.0
260.0
362.0
30.0
0.1740254742264824
46.0
127.0
182.0
272.0
338.0
31.0
0.19121311527146645
51.0
137.0
210.0
291.0
369.0
32.0
0.23740566315996148
17.0
124.0
192.0
282.0
375.0
33.0
0.20441703813366985
30.0
102.0
187.0
268.0
324.0
34.0
0.15535914781571591
16.0
101.0
163.0
247.0
346.0
35.0
0.1927786824217037
31.0
86.0
173.0
254.0
355.0
36.0
0.17081384652700216
25.0
98.0
172.0
275.0
331.0
37.0
0.20760825878642208
13.0
87.0
166.0
242.0
347.0
38.0
0.2411570639926528
48.0
112.0
186.0
259.0
336.0
39.0
0.15519424578383223
37.0
117.0
179.0
256.0
351.0
40.0
0.1645293397671903
49.0
118.0
196.0
281.0
384.0
41.0
0.21713627033273042
43.0
120.0
202.0
283.0
354.0
43.0
0.1738638652643658
15.0
88.0
206.0
287.0
321.0
44.0
0.17332182534050844
53.0
95.0
188.0
245.0
348.0
45.0
0.1564970381718922
18.0
91.0
178.0
274.0
377.0
46.0
0.2740541216544443
28.0
115.0
191.0
273.0
350.0
52.0
0.26799821017624215
50.0
110.0
180.0
255.0
329.0
53.0
0.18286750645711436
23.0
125.0
201.0
276.0
361.0
57.0
0.17253364722658748
63.0
142.0
215.0
299.0
373.0
58.0
0.17810225830066218
57.0
119.0
197.0
279.0
366.0
64.0
0.24987017936626632
62.0
138.0
213.0
302.0
383.0
67.0
0.21444584672347933
60.0
143.0
204.0
303.0
371.0
68.0
0.2199528940213895
59.0
139.0
219.0
288.0
365.0
70.0
0.17356633257463727
41.0
131.0
193.0
289.0
367.0
79.0
0.18139638190405094
76.0
141.0
227.0
309.0
378.0
81.0
0.2501348073092231
38.0
132.0
208.0
311.0
374.0
84.0
0.26037279547017533
65.0
129.0
223.0
295.0
386.0
85.0
0.20711526988452533
22.0
107.0
165.0
271.0
323.0
88.0
0.22957013922859915
24.0
113.0
189.0
235.0
326.0
89.0
0.17307313017954584
67.0
134.0
209.0
297.0
356.0
90.0
0.25234247828484513
34.0
103.0
198.0
278.0
359.0
92.0
0.19872297751135196
29.0
111.0
168.0
267.0
334.0
96.0
0.1787518992787227
58.0
136.0
207.0
292.0
376.0
100.0
0.2332023530616425
61.0
146.0
220.0
298.0
385.0
102.0
0.18477921630255878
21.0
145.0
218.0
284.0
372.0
108.0
0.18742821412160993
45.0
96.0
195.0
269.0
337.0
110.0
0.21960450988262895
56.0
123.0
199.0
257.0
319.0
115.0
0.16067177429795265
69.0
150.0
222.0
286.0
353.0
122.0
0.20515722036361694
-1.0
148.0
205.0
305.0
360.0
125.0
0.1958591192960739
-1.0
-1.0
216.0
301.0
345.0
126.0
0.2890639975667
-1.0
-1.0
217.0
290.0
379.0
128.0
0.16265349835157394
-1.0
-1.0
225.0
313.0
388.0
132.0
0.161369189620018
-1.0
-1.0
230.0
304.0
363.0
138.0
0.29141250252723694
-1.0
-1.0
-1.0
308.0
340.0
139.0
0.21993452310562134
-1.0
-1.0
-1.0
310.0
370.0
