77
7
0.0
0.1570423931499026
1.0
82.0
175.0
268.0
328.0
1.0
0.19984440555475855
0.0
89.0
173.0
261.0
333.0
2.0
0.1654810333574366
9.0
101.0
188.0
260.0
330.0
3.0
0.1512907131260784
2.0
90.0
189.0
266.0
339.0
4.0
0.1587701469886758
24.0
98.0
200.0
267.0
350.0
6.0
0.18429824479811013
6.0
96.0
182.0
246.0
325.0
7.0
0.17521757031279414
8.0
95.0
164.0
256.0
326.0
8.0
0.1639110077455057
16.0
86.0
185.0
255.0
335.0
9.0
0.17089161088478738
20.0
84.0
165.0
248.0
356.0
10.0
0.17654975149893282
25.0
107.0
181.0
249.0
352.0
11.0
0.17435486627956515
19.0
93.0
196.0
257.0
329.0
12.0
0.16445420849785305
23.0
85.0
174.0
258.0
331.0
13.0
0.1628105216118399
13.0
91.0
192.0
264.0
360.0
16.0
0.17594009107211545
51.0
128.0
219.0
294.0
361.0
17.0
0.14702140025641317
27.0
108.0
172.0
253.0
346.0
18.0
0.17748908541526465
14.0
92.0
177.0
269.0
340.0
20.0
0.16867876907406076
30.0
106.0
187.0
283.0
367.0
21.0
0.16519353043787283
12.0
112.0
167.0
270.0
355.0
22.0
0.1750891897164531
7.0
97.0
176.0
244.0
336.0
23.0
0.17482955117033025
34.0
120.0
203.0
282.0
370.0
24.0
0.16857370073101696
50.0
140.0
183.0
276.0
372.0
25.0
0.19665388310033416
15.0
88.0
213.0
280.0
334.0
27.0
0.13959964379917006
18.0
102.0
195.0
274.0
365.0
28.0
0.17260085263065655
31.0
105.0
204.0
272.0
342.0
30.0
0.18959239140786843
54.0
126.0
184.0
287.0
353.0
31.0
0.20530905610464395
56.0
143.0
229.0
302.0
390.0
32.0
0.19789686312772198
46.0
116.0
194.0
284.0
384.0
33.0
0.1804419865869217
11.0
109.0
169.0
263.0
348.0
34.0
0.1820009760824548
33.0
87.0
168.0
254.0
349.0
35.0
0.18799510098385552
5.0
83.0
166.0
250.0
343.0
36.0
0.16326820565193678
26.0
145.0
178.0
299.0
362.0
37.0
0.20274732162027276
21.0
122.0
199.0
273.0
345.0
38.0
0.20755180327281533
38.0
117.0
206.0
288.0
378.0
39.0
0.1911066815506428
41.0
144.0
235.0
319.0
363.0
40.0
0.21596779264114754
35.0
127.0
226.0
316.0
380.0
41.0
0.22191248267412467
42.0
124.0
215.0
297.0
375.0
43.0
0.179653541274491
10.0
134.0
197.0
271.0
364.0
44.0
0.18426232992310576
49.0
137.0
217.0
300.0
381.0
45.0
0.17861382491220198
28.0
142.0
218.0
278.0
383.0
46.0
0.26014497700554867
48.0
139.0
208.0
285.0
368.0
53.0
0.19530891783215165
58.0
121.0
202.0
292.0
379.0
58.0
0.1804833337717967
61.0
147.0
224.0
311.0
399.0
67.0
0.23098668584567994
77.0
152.0
231.0
306.0
401.0
68.0
0.2888949753103284
75.0
159.0
238.0
303.0
386.0
70.0
0.16138830760674477
36.0
115.0
201.0
275.0
357.0
84.0
0.23970728295930765
59.0
119.0
211.0
291.0
373.0
85.0
0.19019041420650096
29.0
100.0
170.0
251.0
337.0
88.0
0.22915263819051823
3.0
99.0
179.0
262.0
327.0
89.0
0.1849540742919844
22.0
110.0
198.0
259.0
359.0
92.0
0.16780851736869987
57.0
130.0
220.0
295.0
369.0
100.0
0.20410704378123867
53.0
125.0
207.0
265.0
338.0
102.0
0.17129637841050283
32.0
129.0
205.0
279.0
366.0
108.0
0.1977759966337942
47.0
114.0
209.0
296.0
392.0
110.0
0.22508609848779318
37.0
104.0
180.0
286.0
358.0
122.0
0.20343818387300416
78.0
132.0
222.0
310.0
376.0
126.0
0.3628199516242603
69.0
163.0
232.0
312.0
396.0
128.0
0.21895789981863342
62.0
133.0
216.0
293.0
388.0
138.0
0.2185802415042417
52.0
123.0
212.0
305.0
385.0
139.0
0.23966526599542703
43.0
113.0
193.0
298.0
371.0
141.0
0.22505212773103267
4.0
103.0
186.0
245.0
351.0
151.0
0.22553486609831452
40.0
111.0
191.0
252.0
347.0
153.0
0.1845245964359492
74.0
148.0
239.0
315.0
398.0
154.0
0.23675068351440132
45.0
136.0
225.0
323.0
410.0
155.0
0.214958555996418
67.0
151.0
242.0
314.0
393.0
163.0
0.19930010847747326
72.0
154.0
227.0
289.0
406.0
164.0
0.1624974124133587
17.0
94.0
171.0
247.0
332.0
165.0
0.2179335318505764
44.0
131.0
210.0
281.0
377.0
166.0
0.16304757446050644
60.0
153.0
240.0
290.0
387.0
169.0
0.20049285516142845
70.0
135.0
190.0
277.0
344.0
171.0
0.20691095292568207
-1.0
138.0
214.0
301.0
354.0
176.0
0.14947780470053357
-1.0
162.0
221.0
308.0
397.0
177.0
0.24919334053993225
-1.0
-1.0
223.0
317.0
407.0
178.0
0.10078480467200279
-1.0
-1.0
228.0
304.0
394.0
179.0
0.18959996849298477
-1.0
-1.0
233.0
307.0
382.0
180.0
0.23436038941144943
-1.0
-1.0
243.0
324.0
374.0
181.0
0.22921983897686005
-1.0
-1.0
-1.0
313.0
403.0
182.0
0.15087930858135223
-1.0
-1.0
-1.0
321.0
409.0
