80
7
0.0
0.15016284547880998
6.0
99.0
164.0
260.0
343.0
1.0
0.2073304034781286
10.0
94.0
177.0
259.0
360.0
2.0
0.15978942893621406
34.0
79.0
160.0
262.0
346.0
3.0
0.13699785324531435
2.0
80.0
163.0
257.0
335.0
4.0
0.15223092439808728
33.0
114.0
193.0
267.0
356.0
6.0
0.1823506797273267
3.0
87.0
166.0
250.0
331.0
7.0
0.1497956977796681
0.0
90.0
161.0
244.0
328.0
8.0
0.15612112457625332
30.0
103.0
168.0
256.0
342.0
9.0
0.14436277982100754
31.0
96.0
171.0
246.0
332.0
10.0
0.15314909995722004
25.0
117.0
191.0
261.0
350.0
11.0
0.1876821407573772
1.0
107.0
169.0
248.0
338.0
12.0
0.15801032237314983
21.0
100.0
159.0
247.0
336.0
13.0
0.19219135515825658
35.0
105.0
184.0
283.0
349.0
16.0
0.20997218634175885
24.0
119.0
185.0
298.0
381.0
17.0
0.1758158964772657
29.0
113.0
182.0
275.0
371.0
18.0
0.18093521191086404
32.0
112.0
202.0
264.0
351.0
20.0
0.15909184696208617
11.0
93.0
172.0
271.0
369.0
21.0
0.2004721235387875
5.0
82.0
174.0
251.0
344.0
22.0
0.18663671538714188
12.0
81.0
165.0
249.0
339.0
23.0
0.1970097319972341
4.0
104.0
188.0
281.0
345.0
24.0
0.1686657829855183
46.0
128.0
196.0
274.0
353.0
25.0
0.18646260490171448
36.0
118.0
201.0
307.0
396.0
27.0
0.1425123595017576
44.0
95.0
199.0
282.0
372.0
28.0
0.16626192464601558
38.0
83.0
181.0
243.0
329.0
30.0
0.16093919990408967
39.0
101.0
179.0
284.0
374.0
32.0
0.1917965761154361
52.0
129.0
197.0
297.0
355.0
33.0
0.19732389027769637
14.0
86.0
189.0
268.0
348.0
34.0
0.127826507500423
17.0
92.0
175.0
252.0
363.0
35.0
0.22146991834012858
19.0
91.0
173.0
245.0
333.0
36.0
0.161236502528599
7.0
102.0
167.0
263.0
340.0
37.0
0.17137209793533706
18.0
98.0
186.0
273.0
352.0
38.0
0.20414035279117718
26.0
136.0
194.0
287.0
361.0
39.0
0.14990403527467816
42.0
120.0
200.0
294.0
380.0
40.0
0.1570915570134422
54.0
130.0
215.0
304.0
391.0
41.0
0.24001493613281838
49.0
146.0
238.0
293.0
388.0
43.0
0.18799352408936143
27.0
108.0
190.0
292.0
382.0
44.0
0.1534480196596662
58.0
143.0
219.0
322.0
402.0
45.0
0.1764837570623088
43.0
97.0
180.0
266.0
347.0
46.0
0.21777441271134013
59.0
133.0
216.0
300.0
386.0
53.0
0.17828028085426603
15.0
115.0
195.0
258.0
367.0
68.0
0.19018588026232386
57.0
147.0
212.0
295.0
376.0
70.0
0.1513031965902908
28.0
106.0
178.0
276.0
366.0
84.0
0.19991325243076138
56.0
140.0
213.0
291.0
357.0
85.0
0.21140338082787652
9.0
88.0
170.0
254.0
330.0
88.0
0.26869127264336423
8.0
89.0
162.0
253.0
337.0
89.0
0.24161178462678987
37.0
124.0
192.0
280.0
341.0
92.0
0.2232463325331776
77.0
152.0
242.0
303.0
390.0
100.0
0.21465417487729915
48.0
135.0
214.0
308.0
393.0
102.0
0.13913381131092506
45.0
138.0
220.0
278.0
368.0
108.0
0.1888507574180515
40.0
126.0
211.0
299.0
375.0
110.0
0.18022480519069445
47.0
125.0
226.0
289.0
385.0
128.0
0.16882986336260264
60.0
122.0
203.0
290.0
358.0
138.0
0.17761413443991753
53.0
132.0
218.0
288.0
387.0
139.0
0.1618526635022735
22.0
110.0
205.0
277.0
370.0
141.0
0.20570777933242246
50.0
123.0
187.0
265.0
354.0
151.0
0.2645758984623381
23.0
84.0
176.0
255.0
362.0
163.0
0.17786812123640772
78.0
137.0
204.0
313.0
401.0
164.0
0.23663032918967986
16.0
85.0
183.0
272.0
334.0
165.0
0.23800071670156342
41.0
121.0
206.0
286.0
378.0
169.0
0.20295630820940858
13.0
111.0
207.0
270.0
379.0
171.0
0.18363583238584624
64.0
127.0
217.0
269.0
359.0
196.0
0.21176490461220965
20.0
109.0
209.0
306.0
364.0
206.0
0.16580784902907908
73.0
145.0
221.0
309.0
373.0
207.0
0.18840704974718392
66.0
139.0
228.0
285.0
398.0
208.0
0.3915103189647198
74.0
149.0
229.0
312.0
415.0
217.0
0.22574236150830984
51.0
116.0
198.0
279.0
397.0
223.0
0.2312294145425161
-1.0
131.0
222.0
315.0
405.0
225.0
0.2068760022521019
-1.0
150.0
210.0
302.0
384.0
228.0
0.21400869637727737
-1.0
-1.0
224.0
296.0
383.0
230.0
0.3815234452486038
-1.0
-1.0
230.0
311.0
407.0
232.0
0.14470571279525757
-1.0
-1.0
236.0
317.0
416.0
233.0
0.2792351245880127
-1.0
-1.0
239.0
314.0
394.0
234.0
0.34619417786598206
-1.0
-1.0
240.0
327.0
404.0
235.0
0.16564103960990906
-1.0
-1.0
241.0
316.0
395.0
236.0
0.13884885609149933
-1.0
-1.0
-1.0
301.0
365.0
237.0
0.13038846850395203
-1.0
-1.0
-1.0
305.0
409.0
238.0
0.10744518041610718
-1.0
-1.0
-1.0
310.0
399.0
242.0
0.09399762749671936
-1.0
-1.0
-1.0
321.0
411.0
243.0
0.13716185092926025
-1.0
-1.0
-1.0
324.0
410.0
244.0
0.10333870351314545
-1.0
-1.0
-1.0
326.0
413.0
