81
7
0.0
0.1615523357139108
3.0
107.0
175.0
276.0
347.0
1.0
0.22295131160157883
8.0
100.0
194.0
273.0
346.0
2.0
0.18566452619475649
5.0
93.0
190.0
265.0
361.0
3.0
0.17603534374053834
14.0
86.0
191.0
266.0
371.0
4.0
0.1611929635007032
25.0
109.0
215.0
291.0
375.0
6.0
0.19197586199112712
0.0
89.0
174.0
264.0
365.0
7.0
0.18775704170222574
1.0
98.0
177.0
260.0
364.0
8.0
0.16038557355516725
10.0
96.0
195.0
282.0
368.0
9.0
0.1634236887191805
31.0
91.0
197.0
284.0
367.0
10.0
0.17756171939362714
27.0
117.0
209.0
275.0
372.0
11.0
0.19571811669275488
4.0
99.0
192.0
259.0
366.0
12.0
0.1800283843824358
6.0
105.0
184.0
268.0
350.0
13.0
0.19708093336446095
35.0
114.0
183.0
295.0
384.0
16.0
0.1725914462676972
36.0
132.0
220.0
294.0
390.0
17.0
0.16576044119118438
21.0
95.0
208.0
271.0
382.0
18.0
0.20402923665614844
15.0
112.0
182.0
278.0
376.0
20.0
0.17509455090922782
42.0
113.0
206.0
297.0
356.0
21.0
0.19961990972484
30.0
116.0
186.0
267.0
370.0
22.0
0.18718036795411513
11.0
101.0
204.0
262.0
351.0
23.0
0.1999511210239917
45.0
110.0
181.0
283.0
377.0
24.0
0.1889065114701572
47.0
126.0
214.0
287.0
348.0
25.0
0.20205436154386436
9.0
103.0
213.0
296.0
385.0
27.0
0.1569641071443634
40.0
135.0
185.0
300.0
386.0
28.0
0.17840175329378435
17.0
88.0
188.0
261.0
374.0
30.0
0.1841851199188071
28.0
111.0
189.0
285.0
360.0
31.0
0.23881693978629123
65.0
161.0
238.0
326.0
407.0
32.0
0.21685286457457448
59.0
139.0
246.0
299.0
393.0
33.0
0.19719353130540554
23.0
97.0
196.0
288.0
363.0
34.0
0.1746420808424336
24.0
102.0
198.0
269.0
369.0
35.0
0.21836236432613443
18.0
87.0
178.0
258.0
353.0
36.0
0.1705973755741846
37.0
90.0
179.0
286.0
352.0
37.0
0.19186994067109833
20.0
104.0
187.0
289.0
378.0
38.0
0.2277349839186063
53.0
141.0
217.0
319.0
388.0
39.0
0.20271298833165466
38.0
131.0
223.0
304.0
396.0
40.0
0.2126805697453402
55.0
145.0
218.0
335.0
400.0
41.0
0.3048282498606769
50.0
137.0
234.0
318.0
420.0
43.0
0.18550245047949512
39.0
143.0
193.0
290.0
355.0
44.0
0.17347066056505775
56.0
127.0
239.0
315.0
413.0
45.0
0.21008665048568362
58.0
123.0
224.0
310.0
389.0
46.0
0.26160844179417636
43.0
144.0
226.0
324.0
401.0
53.0
0.21349343925176584
54.0
115.0
205.0
293.0
383.0
58.0
0.2018887164029879
74.0
142.0
240.0
312.0
428.0
67.0
0.19411978364133423
76.0
152.0
243.0
323.0
433.0
68.0
0.24309725036606653
61.0
153.0
248.0
334.0
395.0
70.0
0.17650280575012248
32.0
119.0
210.0
309.0
399.0
84.0
0.23667857735452597
48.0
155.0
236.0
305.0
392.0
85.0
0.2294886275152738
12.0
94.0
180.0
281.0
359.0
88.0
0.2734065493427371
2.0
118.0
200.0
272.0
349.0
89.0
0.2443169417820429
34.0
124.0
207.0
279.0
381.0
92.0
0.18589636989526656
44.0
129.0
211.0
336.0
424.0
100.0
0.21286650515668631
13.0
134.0
212.0
277.0
410.0
102.0
0.1647508995874017
41.0
136.0
229.0
303.0
380.0
108.0
0.24546974707077618
67.0
125.0
222.0
316.0
394.0
110.0
0.22168912745013028
33.0
106.0
203.0
274.0
379.0
122.0
0.20624515836413337
51.0
140.0
235.0
332.0
404.0
128.0
0.20362589552375707
63.0
156.0
242.0
311.0
405.0
138.0
0.2345997543141607
60.0
149.0
225.0
322.0
409.0
139.0
0.20698942110396956
46.0
130.0
233.0
307.0
387.0
141.0
0.2597548102062319
26.0
108.0
199.0
280.0
373.0
151.0
0.24215713586636411
22.0
92.0
201.0
270.0
354.0
163.0
0.2405277714060503
81.0
147.0
227.0
313.0
416.0
164.0
0.18821576463233214
7.0
121.0
176.0
263.0
357.0
165.0
0.26349751562520396
52.0
138.0
221.0
298.0
391.0
169.0
0.21131087590765674
19.0
133.0
202.0
301.0
362.0
171.0
0.20885995886055753
29.0
128.0
232.0
292.0
397.0
179.0
0.19610276049934328
57.0
120.0
241.0
340.0
412.0
184.0
0.17025326937437057
64.0
173.0
249.0
306.0
403.0
185.0
0.1921684816479683
66.0
164.0
245.0
321.0
429.0
190.0
0.2600000575184822
80.0
150.0
253.0
317.0
415.0
192.0
0.21200879911581677
-1.0
122.0
216.0
320.0
408.0
194.0
0.24930144846439362
-1.0
163.0
257.0
337.0
430.0
195.0
0.22882136205832165
-1.0
166.0
247.0
329.0
423.0
196.0
0.22410058478514355
-1.0
167.0
219.0
302.0
358.0
200.0
0.20795851945877078
-1.0
171.0
231.0
314.0
406.0
202.0
0.2153184860944748
-1.0
-1.0
250.0
330.0
414.0
203.0
0.2230173647403717
-1.0
-1.0
251.0
338.0
425.0
206.0
0.16392147541046143
-1.0
-1.0
-1.0
308.0
418.0
207.0
0.26028504967689514
-1.0
-1.0
-1.0
327.0
411.0
208.0
0.5810054540634155
-1.0
-1.0
-1.0
331.0
419.0
210.0
0.24808748066425323
-1.0
-1.0
-1.0
341.0
422.0
211.0
0.21676388382911682
-1.0
-1.0
-1.0
342.0
432.0
