72
7
0.0
0.1550780400284566
18.0
86.0
157.0
244.0
321.0
1.0
0.17606521083507687
5.0
81.0
162.0
245.0
331.0
2.0
0.14501730602160023
10.0
91.0
166.0
238.0
324.0
3.0
0.14183726772898808
2.0
79.0
159.0
236.0
330.0
4.0
0.16390225006034598
24.0
109.0
161.0
271.0
353.0
6.0
0.254403593067309
0.0
84.0
158.0
237.0
328.0
7.0
0.1687222645850852
29.0
92.0
173.0
243.0
320.0
8.0
0.15633456892101094
14.0
93.0
185.0
247.0
326.0
9.0
0.17782428484861157
1.0
80.0
179.0
246.0
332.0
10.0
0.18913293414516374
7.0
104.0
172.0
239.0
339.0
11.0
0.2017618294339627
22.0
103.0
164.0
265.0
329.0
12.0
0.18129653348671582
9.0
99.0
163.0
241.0
322.0
13.0
0.17574059549951926
16.0
97.0
180.0
270.0
340.0
15.0
0.1624749355833046
39.0
100.0
212.0
286.0
372.0
16.0
0.12233252110308968
17.0
116.0
169.0
263.0
356.0
17.0
0.17203272185372498
3.0
82.0
160.0
252.0
327.0
18.0
0.16096171582717034
23.0
83.0
192.0
242.0
325.0
20.0
0.17769313341705129
32.0
101.0
188.0
253.0
359.0
21.0
0.14745039909780644
12.0
87.0
181.0
259.0
323.0
22.0
0.21578659635270014
15.0
88.0
170.0
251.0
334.0
23.0
0.16369647637475282
43.0
96.0
193.0
288.0
364.0
24.0
0.191640165168792
19.0
105.0
167.0
240.0
355.0
25.0
0.2552733511358838
26.0
90.0
189.0
274.0
362.0
27.0
0.12823262342885755
62.0
137.0
204.0
264.0
352.0
28.0
0.1840370821300894
42.0
110.0
200.0
267.0
347.0
30.0
0.17097287374781445
8.0
112.0
201.0
279.0
366.0
31.0
0.1822520541609265
51.0
124.0
198.0
284.0
371.0
32.0
0.19916013354668394
34.0
115.0
194.0
268.0
337.0
33.0
0.19039904687087983
11.0
106.0
168.0
250.0
350.0
34.0
0.17974594346014783
27.0
85.0
178.0
262.0
336.0
35.0
0.16798762930557132
4.0
127.0
186.0
254.0
351.0
36.0
0.1520303069532929
6.0
89.0
182.0
248.0
345.0
37.0
0.22583295358344913
13.0
108.0
175.0
266.0
333.0
38.0
0.2095255590867282
47.0
114.0
176.0
260.0
368.0
39.0
0.15927880426170304
28.0
117.0
187.0
276.0
357.0
40.0
0.17483687752746846
38.0
131.0
191.0
283.0
369.0
41.0
0.20362502307398245
37.0
107.0
190.0
272.0
363.0
43.0
0.15912471344927326
55.0
119.0
184.0
249.0
335.0
44.0
0.18508779286639765
46.0
95.0
196.0
269.0
373.0
45.0
0.13394423353020102
59.0
143.0
171.0
255.0
338.0
46.0
0.3547666461672634
45.0
121.0
203.0
277.0
348.0
51.0
0.17525865853531286
25.0
139.0
225.0
294.0
367.0
52.0
0.21717653200471432
20.0
94.0
208.0
296.0
370.0
53.0
0.20694571640342474
44.0
134.0
229.0
298.0
343.0
55.0
0.17982930730795488
54.0
132.0
205.0
280.0
374.0
57.0
0.1807299497670556
56.0
130.0
214.0
302.0
383.0
58.0
0.18498004843797844
53.0
125.0
217.0
275.0
377.0
64.0
0.2793933418972756
64.0
133.0
207.0
303.0
382.0
65.0
0.1678960249944339
68.0
145.0
222.0
290.0
388.0
67.0
0.1693212772154311
58.0
138.0
209.0
312.0
380.0
68.0
0.2642603748245165
73.0
153.0
210.0
278.0
379.0
70.0
0.16468802193412557
52.0
136.0
206.0
281.0
361.0
75.0
0.18228357486327695
48.0
142.0
220.0
295.0
360.0
79.0
0.18455486837774515
69.0
144.0
227.0
258.0
396.0
81.0
0.177880703471601
21.0
122.0
195.0
285.0
358.0
82.0
0.16981625137850642
74.0
155.0
232.0
314.0
390.0
84.0
0.35022183135151863
75.0
149.0
234.0
304.0
385.0
85.0
0.2436420265585184
33.0
98.0
174.0
261.0
342.0
88.0
0.23777300864458084
31.0
102.0
183.0
273.0
344.0
89.0
0.18921155855059624
40.0
123.0
197.0
291.0
387.0
90.0
0.26714304834604263
49.0
111.0
177.0
257.0
354.0
92.0
0.21680013090372088
66.0
120.0
165.0
256.0
349.0
94.0
0.1700871717184782
72.0
148.0
235.0
300.0
375.0
95.0
0.2990471074978511
-1.0
135.0
216.0
299.0
394.0
96.0
0.19229907790819806
-1.0
140.0
224.0
306.0
378.0
100.0
0.1969139277935028
-1.0
156.0
221.0
297.0
381.0
102.0
0.16420681774616241
-1.0
-1.0
215.0
287.0
341.0
107.0
0.2644834965467453
-1.0
-1.0
233.0
313.0
384.0
108.0
0.29559874534606934
-1.0
-1.0
-1.0
282.0
365.0
109.0
0.19408366084098816
-1.0
-1.0
-1.0
289.0
346.0
110.0
0.24303901195526123
-1.0
-1.0
-1.0
293.0
376.0
111.0
0.18896768987178802
-1.0
-1.0
-1.0
307.0
392.0
