69
7
0.0
0.15061897521081846
7.0
78.0
165.0
242.0
318.0
1.0
0.16846332277054898
2.0
83.0
166.0
252.0
322.0
2.0
0.14507782087605392
12.0
87.0
159.0
245.0
326.0
3.0
0.13467668269004207
0.0
80.0
157.0
251.0
319.0
4.0
0.1626726218528347
30.0
82.0
192.0
274.0
347.0
6.0
0.22966728130279535
5.0
79.0
158.0
249.0
321.0
7.0
0.17770357997505926
13.0
94.0
164.0
241.0
324.0
8.0
0.14928385977691505
14.0
106.0
168.0
247.0
320.0
9.0
0.1853776173420556
1.0
100.0
167.0
253.0
338.0
10.0
0.1784535984188551
25.0
93.0
160.0
260.0
330.0
11.0
0.1983032208518125
24.0
85.0
186.0
250.0
345.0
12.0
0.17200258459260453
20.0
84.0
162.0
243.0
323.0
13.0
0.17571514162409585
18.0
101.0
191.0
261.0
346.0
15.0
0.16627763608994428
21.0
133.0
207.0
293.0
362.0
16.0
0.1232068410681677
37.0
90.0
184.0
277.0
349.0
17.0
0.17165732608472695
3.0
81.0
173.0
248.0
325.0
18.0
0.165124016590255
4.0
113.0
163.0
246.0
333.0
20.0
0.16530755152052734
22.0
109.0
174.0
280.0
355.0
21.0
0.16361221052483188
8.0
102.0
180.0
244.0
331.0
22.0
0.21326734514150303
9.0
91.0
172.0
255.0
341.0
23.0
0.16047084223828278
17.0
114.0
209.0
285.0
350.0
24.0
0.1878750411560759
26.0
88.0
161.0
276.0
340.0
25.0
0.256122275488849
11.0
110.0
195.0
283.0
335.0
27.0
0.12037673427965956
58.0
125.0
185.0
273.0
357.0
28.0
0.18571107665775344
31.0
121.0
188.0
268.0
371.0
30.0
0.16747502236103173
33.0
122.0
200.0
287.0
368.0
31.0
0.1814059464231832
45.0
119.0
205.0
292.0
378.0
32.0
0.18795474599755835
36.0
115.0
189.0
258.0
365.0
33.0
0.1952140935754869
27.0
89.0
171.0
271.0
343.0
34.0
0.1719127082178602
6.0
99.0
183.0
257.0
342.0
35.0
0.17051577533129603
48.0
107.0
175.0
272.0
327.0
36.0
0.14518965065337852
10.0
103.0
169.0
266.0
339.0
37.0
0.20670887792948633
29.0
96.0
187.0
254.0
328.0
38.0
0.20775935332412132
35.0
97.0
181.0
289.0
353.0
39.0
0.15236650720180478
38.0
108.0
197.0
278.0
358.0
40.0
0.1685014132727929
52.0
112.0
204.0
290.0
359.0
41.0
0.2041002919577295
28.0
111.0
193.0
284.0
361.0
43.0
0.15611629285558593
40.0
105.0
170.0
256.0
329.0
44.0
0.18608685418439563
16.0
117.0
190.0
294.0
336.0
45.0
0.14984704574453644
64.0
92.0
176.0
259.0
332.0
46.0
0.32059512968407944
42.0
124.0
198.0
269.0
356.0
51.0
0.17798641115950886
60.0
146.0
215.0
288.0
369.0
52.0
0.2654605099964442
15.0
129.0
217.0
291.0
351.0
53.0
0.20425862004049122
55.0
150.0
219.0
264.0
366.0
57.0
0.20211340061922556
51.0
135.0
223.0
304.0
383.0
58.0
0.18506220631306292
46.0
138.0
196.0
298.0
360.0
64.0
0.27246653792138886
54.0
128.0
224.0
303.0
379.0
65.0
0.15962105439035668
66.0
143.0
211.0
309.0
374.0
67.0
0.19288580750998108
59.0
130.0
233.0
301.0
384.0
68.0
0.2503136570157949
74.0
131.0
199.0
300.0
380.0
70.0
0.16030092984146904
57.0
127.0
202.0
282.0
372.0
75.0
0.17323945427239096
63.0
141.0
216.0
281.0
363.0
79.0
0.17813330027274787
65.0
148.0
179.0
317.0
382.0
81.0
0.1699542284477502
43.0
116.0
206.0
279.0
373.0
84.0
0.3168858652934432
70.0
155.0
225.0
306.0
370.0
85.0
0.22601478500291705
19.0
95.0
182.0
263.0
348.0
88.0
0.21627438627183437
23.0
104.0
194.0
265.0
354.0
89.0
0.18013734091073275
44.0
118.0
212.0
308.0
375.0
90.0
0.25704563967883587
32.0
98.0
178.0
275.0
344.0
92.0
0.2106002811342478
41.0
86.0
177.0
270.0
352.0
94.0
0.16980055952444673
69.0
156.0
221.0
296.0
367.0
96.0
0.2079116776585579
61.0
145.0
227.0
299.0
377.0
100.0
0.1886601783335209
77.0
142.0
218.0
302.0
387.0
102.0
0.1639503836631775
-1.0
136.0
208.0
262.0
386.0
107.0
0.33485815922419226
-1.0
154.0
234.0
305.0
388.0
108.0
0.21843411028385162
-1.0
-1.0
203.0
286.0
337.0
109.0
0.16692236810922623
-1.0
-1.0
210.0
267.0
334.0
110.0
0.2286040484905243
-1.0
-1.0
214.0
297.0
364.0
115.0
0.1716424971818924
-1.0
-1.0
-1.0
310.0
391.0
