74
7
0.0
0.18137533261393912
2.0
85.0
164.0
240.0
325.0
1.0
0.20819336944524025
0.0
89.0
166.0
246.0
337.0
2.0
0.20342994901719436
6.0
101.0
190.0
261.0
320.0
3.0
0.16389754592638894
12.0
99.0
165.0
247.0
329.0
4.0
0.17482254788215812
15.0
111.0
192.0
274.0
336.0
6.0
0.22077506338430053
3.0
86.0
163.0
257.0
348.0
7.0
0.18835464683141367
4.0
81.0
162.0
258.0
323.0
8.0
0.1685448841757733
24.0
82.0
178.0
264.0
327.0
9.0
0.21524605734938884
1.0
84.0
183.0
243.0
341.0
10.0
0.18913352182111964
10.0
110.0
176.0
242.0
333.0
11.0
0.23890774357386135
19.0
97.0
170.0
248.0
343.0
12.0
0.18172925949866306
17.0
96.0
187.0
241.0
316.0
13.0
0.20622150172427212
23.0
112.0
212.0
266.0
331.0
15.0
0.2050014117381096
38.0
125.0
216.0
301.0
345.0
16.0
0.16565874472566833
33.0
114.0
191.0
280.0
361.0
17.0
0.1811337495913923
5.0
94.0
168.0
244.0
318.0
18.0
0.172163283756743
9.0
92.0
180.0
265.0
328.0
20.0
0.1706251730915227
25.0
109.0
200.0
275.0
330.0
21.0
0.1672894248785251
32.0
98.0
189.0
251.0
324.0
22.0
0.21616073255951562
29.0
88.0
181.0
256.0
319.0
23.0
0.17667833451471893
7.0
113.0
173.0
281.0
346.0
24.0
0.22354299048868143
22.0
87.0
197.0
245.0
322.0
25.0
0.21671584351302392
31.0
91.0
205.0
253.0
332.0
27.0
0.14908872602475004
48.0
118.0
206.0
283.0
321.0
28.0
0.2395887432499535
42.0
108.0
210.0
249.0
344.0
30.0
0.19184787845388485
30.0
120.0
186.0
254.0
369.0
31.0
0.22215314072549575
58.0
139.0
217.0
294.0
383.0
32.0
0.24493021262482273
40.0
130.0
223.0
276.0
358.0
33.0
0.23047285238519066
35.0
116.0
172.0
250.0
357.0
34.0
0.20430690729737933
11.0
95.0
194.0
285.0
349.0
35.0
0.23077621630079648
21.0
102.0
203.0
260.0
338.0
36.0
0.1770984211592722
20.0
123.0
179.0
273.0
351.0
37.0
0.22475900653523695
14.0
90.0
195.0
284.0
335.0
38.0
0.25431014177491895
34.0
107.0
184.0
272.0
360.0
39.0
0.1840264292480498
27.0
104.0
199.0
287.0
362.0
40.0
0.20882912704536272
44.0
129.0
232.0
291.0
347.0
41.0
0.2163888056921195
50.0
131.0
202.0
279.0
370.0
43.0
0.18915872871583872
54.0
135.0
169.0
255.0
378.0
44.0
0.18467508651788478
36.0
93.0
196.0
297.0
339.0
45.0
0.16808956308264555
26.0
122.0
225.0
271.0
374.0
46.0
0.3283915827132091
39.0
121.0
198.0
293.0
363.0
52.0
0.25694199740015683
28.0
103.0
177.0
269.0
380.0
53.0
0.20166434588622906
49.0
124.0
209.0
300.0
364.0
57.0
0.22397513185104106
63.0
147.0
221.0
296.0
384.0
58.0
0.19263334206634022
45.0
127.0
214.0
303.0
367.0
64.0
0.2678326097901141
61.0
150.0
231.0
299.0
368.0
67.0
0.20357976990582177
52.0
151.0
219.0
295.0
388.0
68.0
0.28459333410634713
67.0
136.0
213.0
306.0
394.0
70.0
0.1879816452689198
41.0
137.0
215.0
277.0
375.0
79.0
0.19571148614363665
75.0
157.0
226.0
307.0
393.0
84.0
0.3240500713554866
71.0
143.0
234.0
292.0
359.0
85.0
0.22316642507075812
13.0
119.0
171.0
262.0
340.0
88.0
0.23529766059255053
37.0
83.0
174.0
252.0
317.0
89.0
0.22744103558125062
57.0
145.0
204.0
278.0
334.0
90.0
0.2873531277382426
46.0
126.0
207.0
282.0
366.0
92.0
0.2074378965826327
16.0
115.0
182.0
289.0
353.0
96.0
0.21881009646313032
55.0
140.0
224.0
308.0
385.0
100.0
0.23972209446583292
68.0
146.0
233.0
270.0
355.0
102.0
0.18507785133260768
66.0
132.0
220.0
298.0
376.0
108.0
0.18773961512488313
43.0
117.0
185.0
259.0
356.0
110.0
0.22240738727850842
47.0
105.0
167.0
267.0
342.0
122.0
0.23875082470476627
53.0
153.0
208.0
304.0
382.0
125.0
0.19984840601682663
64.0
149.0
193.0
286.0
350.0
126.0
0.27276603877544403
65.0
138.0
227.0
310.0
373.0
128.0
0.24710056558251378
73.0
161.0
236.0
302.0
377.0
132.0
0.2069600559771061
78.0
152.0
211.0
288.0
372.0
138.0
0.23291600247224173
-1.0
156.0
188.0
268.0
365.0
139.0
0.30483467876911163
-1.0
158.0
218.0
290.0
371.0
141.0
0.2436022013425827
-1.0
-1.0
175.0
263.0
326.0
149.0
0.1856393665075302
-1.0
-1.0
-1.0
305.0
386.0
150.0
0.21616993844509125
-1.0
-1.0
-1.0
311.0
379.0
151.0
0.25721022486686707
-1.0
-1.0
-1.0
312.0
352.0
153.0
0.15385663509368896
-1.0
-1.0
-1.0
314.0
389.0
154.0
0.2801509201526642
-1.0
-1.0
-1.0
315.0
354.0
