76
7
0.0
0.1839221213693445
0.0
85.0
160.0
241.0
334.0
1.0
0.19720122472538248
6.0
97.0
159.0
248.0
332.0
2.0
0.18478140912886928
21.0
80.0
168.0
260.0
347.0
3.0
0.16363572125013692
7.0
89.0
161.0
249.0
348.0
4.0
0.1715204992631556
34.0
96.0
183.0
257.0
359.0
6.0
0.22069903136876107
17.0
108.0
165.0
255.0
341.0
7.0
0.18123682430139487
18.0
83.0
167.0
254.0
323.0
8.0
0.16570966182539437
24.0
87.0
175.0
245.0
344.0
9.0
0.19784290588188475
3.0
101.0
179.0
243.0
324.0
10.0
0.18218405578072017
2.0
93.0
184.0
266.0
340.0
11.0
0.20872138215816083
8.0
103.0
178.0
252.0
355.0
12.0
0.1692579277637287
1.0
76.0
182.0
244.0
333.0
13.0
0.19345677137687534
26.0
91.0
172.0
250.0
351.0
15.0
0.19361088779377789
61.0
105.0
214.0
277.0
389.0
16.0
0.15976353702031798
40.0
121.0
210.0
287.0
378.0
17.0
0.16154714173468473
4.0
78.0
186.0
267.0
331.0
18.0
0.1947021108764378
25.0
88.0
173.0
251.0
336.0
20.0
0.172275159384901
35.0
90.0
189.0
265.0
346.0
21.0
0.17655785081347014
11.0
84.0
171.0
271.0
326.0
22.0
0.19452454882997006
16.0
79.0
166.0
256.0
335.0
23.0
0.19775626918132394
41.0
106.0
193.0
279.0
362.0
24.0
0.19360523157873466
5.0
82.0
209.0
299.0
342.0
25.0
0.21265785253186287
13.0
92.0
174.0
247.0
372.0
27.0
0.1588921607578317
43.0
81.0
177.0
261.0
354.0
28.0
0.20628259550796013
9.0
104.0
190.0
264.0
363.0
30.0
0.21201184088456393
14.0
129.0
213.0
285.0
343.0
31.0
0.28016485751588927
54.0
143.0
215.0
302.0
388.0
32.0
0.2513518172479976
36.0
118.0
205.0
275.0
353.0
33.0
0.2090319044126816
10.0
117.0
170.0
268.0
328.0
34.0
0.18871368638104102
45.0
109.0
192.0
246.0
327.0
35.0
0.20094065141921114
20.0
98.0
164.0
242.0
325.0
36.0
0.184631797071824
33.0
111.0
185.0
304.0
337.0
37.0
0.2400012578031525
44.0
95.0
180.0
281.0
358.0
38.0
0.23695325325039016
32.0
120.0
197.0
276.0
365.0
39.0
0.1958673783917797
47.0
122.0
200.0
303.0
394.0
40.0
0.21782131426162113
51.0
107.0
194.0
286.0
385.0
41.0
0.21119239581108595
39.0
130.0
201.0
283.0
374.0
43.0
0.19238344016361775
15.0
138.0
169.0
293.0
356.0
44.0
0.17939413459123066
57.0
99.0
208.0
296.0
376.0
45.0
0.18183241644310355
31.0
134.0
187.0
301.0
377.0
46.0
0.33002139481302084
53.0
123.0
207.0
298.0
367.0
53.0
0.18494492218984604
60.0
124.0
217.0
280.0
361.0
58.0
0.1880294432337579
63.0
127.0
220.0
306.0
383.0
64.0
0.25028667482537814
59.0
128.0
223.0
308.0
396.0
67.0
0.19859321892204446
55.0
148.0
236.0
311.0
390.0
68.0
0.3439361812905255
66.0
154.0
234.0
318.0
397.0
70.0
0.19490006612727906
37.0
135.0
195.0
274.0
360.0
84.0
0.2661259459634806
52.0
119.0
218.0
278.0
370.0
85.0
0.22173809965021718
22.0
100.0
188.0
259.0
329.0
88.0
0.2267533999434761
12.0
77.0
162.0
258.0
338.0
89.0
0.21926345773290734
38.0
94.0
181.0
269.0
357.0
92.0
0.18787908226616426
49.0
113.0
216.0
289.0
379.0
100.0
0.23543160240006955
30.0
115.0
212.0
284.0
366.0
102.0
0.16979736056441652
58.0
136.0
191.0
288.0
364.0
108.0
0.18988799282078617
19.0
116.0
206.0
273.0
368.0
110.0
0.22037059391095684
27.0
102.0
196.0
263.0
339.0
122.0
0.2421761157165747
64.0
142.0
237.0
291.0
381.0
126.0
0.44366092258132994
70.0
133.0
228.0
322.0
391.0
128.0
0.20990442688344044
62.0
137.0
221.0
292.0
375.0
138.0
0.22544201579876244
28.0
125.0
211.0
282.0
371.0
139.0
0.24887926853261888
50.0
131.0
202.0
272.0
352.0
141.0
0.25965470261871815
23.0
86.0
163.0
262.0
345.0
150.0
0.21886969357728958
71.0
139.0
198.0
315.0
393.0
151.0
0.2344215288758278
72.0
112.0
199.0
270.0
350.0
153.0
0.19828040525317192
74.0
149.0
233.0
307.0
398.0
154.0
0.2714896611869335
75.0
114.0
204.0
295.0
384.0
155.0
0.24984197318553925
-1.0
141.0
226.0
310.0
401.0
163.0
0.20890877147515616
-1.0
158.0
231.0
313.0
386.0
164.0
0.14198631048202515
-1.0
-1.0
176.0
253.0
330.0
165.0
0.2710612267255783
-1.0
-1.0
203.0
290.0
369.0
166.0
0.1570967137813568
-1.0
-1.0
219.0
312.0
399.0
169.0
0.22832175344228745
-1.0
-1.0
229.0
294.0
349.0
171.0
0.20766538381576538
-1.0
-1.0
-1.0
297.0
373.0
173.0
0.2200794667005539
-1.0
-1.0
-1.0
309.0
400.0
174.0
0.15083543956279755
-1.0
-1.0
-1.0
314.0
395.0
176.0
0.14250285923480988
-1.0
-1.0
-1.0
321.0
380.0
