72
7
0.0
0.1569576719775796
0.0
95.0
175.0
243.0
314.0
1.0
0.19036518968641758
1.0
90.0
162.0
238.0
319.0
2.0
0.1591348568254034
2.0
81.0
167.0
248.0
323.0
3.0
0.15477097872644663
3.0
84.0
159.0
236.0
316.0
4.0
0.17078893538564444
4.0
110.0
181.0
266.0
318.0
6.0
0.22495296937267995
6.0
86.0
157.0
241.0
315.0
7.0
0.1720194760710001
7.0
99.0
186.0
249.0
330.0
8.0
0.14734662603586912
8.0
85.0
171.0
250.0
342.0
9.0
0.16091811651131138
9.0
80.0
158.0
237.0
336.0
10.0
0.16552104335278273
10.0
108.0
164.0
261.0
329.0
11.0
0.19699108228087425
11.0
100.0
179.0
260.0
321.0
12.0
0.1912586814014503
12.0
83.0
166.0
256.0
320.0
13.0
0.17204724345356226
13.0
96.0
173.0
254.0
337.0
15.0
0.1732350317761302
15.0
94.0
196.0
257.0
369.0
16.0
0.11744613340124488
16.0
103.0
174.0
273.0
326.0
17.0
0.16909922419472423
17.0
79.0
160.0
239.0
317.0
18.0
0.18151384401062387
18.0
109.0
180.0
240.0
349.0
19.0
0.20077598001807928
19.0
113.0
192.0
275.0
368.0
20.0
0.1631659371778369
20.0
91.0
189.0
258.0
345.0
21.0
0.15913890381125384
21.0
101.0
169.0
244.0
338.0
22.0
0.20887176785618067
22.0
88.0
172.0
245.0
327.0
23.0
0.17735772766172886
23.0
132.0
200.0
253.0
350.0
24.0
0.19257719069719315
24.0
92.0
176.0
262.0
324.0
25.0
0.22414994846985792
25.0
107.0
183.0
247.0
346.0
27.0
0.12951312293080264
27.0
111.0
219.0
294.0
361.0
28.0
0.16969064250588417
28.0
124.0
199.0
267.0
357.0
30.0
0.19001194555312395
30.0
97.0
165.0
269.0
358.0
31.0
0.20103895012289286
31.0
115.0
208.0
281.0
355.0
32.0
0.1756784850731492
32.0
122.0
191.0
272.0
351.0
33.0
0.20227071456611156
33.0
93.0
168.0
263.0
325.0
34.0
0.1748941345140338
34.0
98.0
184.0
242.0
335.0
35.0
0.17879382520914078
35.0
87.0
161.0
284.0
343.0
36.0
0.15378695658728248
36.0
89.0
163.0
246.0
339.0
37.0
0.19732853025197983
37.0
104.0
170.0
265.0
332.0
38.0
0.23501336241497484
38.0
102.0
204.0
271.0
333.0
39.0
0.15584937203675508
39.0
106.0
185.0
274.0
344.0
40.0
0.17124068203702336
40.0
125.0
195.0
288.0
348.0
41.0
0.21369225066155195
41.0
120.0
194.0
264.0
347.0
43.0
0.15746938530355692
43.0
105.0
212.0
276.0
341.0
44.0
0.18174555618315935
44.0
129.0
203.0
252.0
353.0
45.0
0.15184214897453785
45.0
123.0
216.0
300.0
328.0
46.0
0.3048585616052151
46.0
121.0
202.0
278.0
360.0
49.0
0.2044193514848303
49.0
118.0
198.0
270.0
359.0
50.0
0.14047201615539961
50.0
131.0
218.0
285.0
383.0
51.0
0.1809022156521678
51.0
136.0
182.0
296.0
382.0
52.0
0.2269933051611588
52.0
116.0
177.0
251.0
365.0
53.0
0.1970663219690323
53.0
139.0
201.0
291.0
386.0
54.0
0.15841589029878378
54.0
137.0
217.0
308.0
356.0
55.0
0.20207638200372458
55.0
127.0
211.0
289.0
362.0
57.0
0.18459665761110955
57.0
133.0
213.0
287.0
371.0
58.0
0.17505029442145315
58.0
140.0
210.0
282.0
374.0
64.0
0.23472917500839685
64.0
146.0
221.0
290.0
364.0
65.0
0.1694575020337652
65.0
142.0
225.0
302.0
379.0
67.0
0.15633610808072262
67.0
138.0
215.0
295.0
366.0
68.0
0.25538633577525616
68.0
135.0
230.0
310.0
367.0
70.0
0.1663994574919343
70.0
147.0
209.0
293.0
363.0
75.0
0.1827867058564152
75.0
134.0
205.0
299.0
377.0
79.0
0.20802977681159973
-1.0
126.0
226.0
301.0
384.0
80.0
0.1972795277833939
-1.0
143.0
227.0
286.0
375.0
81.0
0.19516790906588238
-1.0
144.0
178.0
279.0
352.0
82.0
0.18895945449670157
-1.0
148.0
231.0
312.0
389.0
84.0
0.4166126449902853
-1.0
152.0
232.0
306.0
391.0
85.0
0.31142404675483704
-1.0
153.0
190.0
255.0
331.0
88.0
0.27338971197605133
-1.0
-1.0
188.0
259.0
340.0
89.0
0.187820702791214
-1.0
-1.0
197.0
280.0
354.0
90.0
0.34202057123184204
-1.0
-1.0
206.0
268.0
334.0
92.0
0.21696797758340836
-1.0
-1.0
223.0
277.0
322.0
94.0
0.17302687466144562
-1.0
-1.0
229.0
305.0
392.0
95.0
0.4095698893070221
-1.0
-1.0
-1.0
292.0
373.0
96.0
0.2076559215784073
-1.0
-1.0
-1.0
297.0
381.0
98.0
0.22694233059883118
-1.0
-1.0
-1.0
309.0
376.0
100.0
0.21751491725444794
-1.0
-1.0
-1.0
313.0
378.0
