75
7
0.0
0.13406632226815418
8.0
85.0
161.0
238.0
321.0
1.0
0.16129976180491212
9.0
95.0
165.0
236.0
325.0
2.0
0.13760456280343902
2.0
88.0
169.0
242.0
337.0
3.0
0.12233353745523345
0.0
94.0
162.0
248.0
335.0
4.0
0.13412677842006815
35.0
117.0
190.0
251.0
347.0
6.0
0.18116604454423424
1.0
92.0
164.0
239.0
322.0
7.0
0.13837996025358734
7.0
84.0
167.0
240.0
317.0
8.0
0.13622318784564413
11.0
90.0
163.0
260.0
318.0
9.0
0.16283765043846188
10.0
96.0
181.0
237.0
320.0
10.0
0.13444115817492275
3.0
103.0
173.0
246.0
346.0
11.0
0.18231792273945757
29.0
93.0
188.0
255.0
333.0
12.0
0.1606330387421533
5.0
86.0
166.0
253.0
332.0
13.0
0.1521045867148132
34.0
104.0
189.0
259.0
348.0
15.0
0.1573747418815401
50.0
136.0
205.0
274.0
361.0
16.0
0.13544196381235452
27.0
120.0
192.0
269.0
350.0
17.0
0.16061921125036882
16.0
91.0
168.0
241.0
330.0
18.0
0.1452030563283735
6.0
89.0
176.0
245.0
328.0
20.0
0.13377652637518622
17.0
123.0
198.0
261.0
345.0
21.0
0.16009107442912907
23.0
87.0
174.0
268.0
334.0
22.0
0.18750635287415207
15.0
98.0
184.0
265.0
324.0
23.0
0.14687179340944567
52.0
128.0
193.0
243.0
349.0
24.0
0.17917093380674487
4.0
119.0
183.0
258.0
323.0
25.0
0.2159383795953964
38.0
126.0
178.0
267.0
327.0
27.0
0.11574426154218642
28.0
116.0
200.0
284.0
354.0
28.0
0.17862467233135249
31.0
111.0
214.0
278.0
344.0
30.0
0.15390158956051891
43.0
130.0
211.0
266.0
356.0
31.0
0.17185385421453248
48.0
135.0
221.0
294.0
375.0
32.0
0.18675713463289867
32.0
101.0
208.0
276.0
366.0
33.0
0.18475845876128005
14.0
114.0
186.0
271.0
352.0
34.0
0.1433903807783281
26.0
100.0
185.0
247.0
331.0
35.0
0.16833605131978402
18.0
115.0
170.0
257.0
338.0
36.0
0.13787532241935452
12.0
109.0
182.0
256.0
359.0
37.0
0.16588802941987524
30.0
97.0
171.0
250.0
326.0
38.0
0.2337848466659036
24.0
132.0
196.0
270.0
343.0
39.0
0.13120567369242053
40.0
121.0
201.0
263.0
340.0
40.0
0.14060381226631335
47.0
133.0
202.0
280.0
365.0
41.0
0.1850026237016209
36.0
127.0
204.0
286.0
367.0
43.0
0.1482814746805161
13.0
99.0
172.0
290.0
371.0
44.0
0.158060214022953
33.0
137.0
179.0
272.0
329.0
45.0
0.1448899150109355
19.0
102.0
175.0
262.0
358.0
46.0
0.24723167774573085
41.0
112.0
199.0
275.0
357.0
51.0
0.13889072299298277
58.0
131.0
212.0
254.0
336.0
52.0
0.24849058069707652
60.0
134.0
194.0
264.0
339.0
53.0
0.17173159362573642
62.0
107.0
209.0
285.0
360.0
57.0
0.166230635189077
66.0
147.0
226.0
299.0
383.0
58.0
0.1556121901748977
39.0
141.0
203.0
281.0
363.0
64.0
0.24179073939216877
67.0
146.0
222.0
297.0
386.0
65.0
0.12760184581910394
54.0
152.0
217.0
296.0
369.0
67.0
0.22096181736649712
76.0
144.0
227.0
288.0
387.0
68.0
0.19941327673768683
42.0
143.0
223.0
303.0
372.0
70.0
0.1469230136817714
45.0
125.0
215.0
277.0
373.0
75.0
0.17475179516319272
59.0
124.0
206.0
287.0
364.0
79.0
0.16027064369700383
22.0
160.0
225.0
311.0
393.0
81.0
0.2525051388220163
49.0
122.0
216.0
292.0
395.0
84.0
0.23794275562977418
68.0
149.0
213.0
307.0
379.0
85.0
0.19959805367398076
25.0
106.0
191.0
249.0
355.0
88.0
0.22887446486856788
37.0
108.0
197.0
273.0
319.0
89.0
0.15988448570715263
55.0
151.0
218.0
293.0
381.0
90.0
0.24239836249034852
21.0
118.0
187.0
282.0
362.0
92.0
0.18359043740201744
20.0
113.0
195.0
252.0
351.0
94.0
0.16238209503353573
64.0
139.0
210.0
295.0
377.0
96.0
0.18196293013170362
70.0
142.0
220.0
291.0
376.0
100.0
0.17560516786761582
61.0
145.0
230.0
304.0
382.0
102.0
0.17424059007316828
51.0
105.0
229.0
302.0
368.0
107.0
0.25463117100298405
77.0
148.0
231.0
298.0
384.0
108.0
0.17678744159638882
46.0
129.0
180.0
279.0
353.0
109.0
0.1437833048403263
53.0
110.0
177.0
244.0
342.0
110.0
0.2253138013184071
57.0
140.0
207.0
283.0
341.0
115.0
0.1297539422909419
-1.0
153.0
234.0
306.0
370.0
122.0
0.1986033320426941
-1.0
-1.0
232.0
289.0
389.0
125.0
0.15600605309009552
-1.0
-1.0
-1.0
300.0
385.0
126.0
0.367101788520813
-1.0
-1.0
-1.0
301.0
374.0
128.0
0.09616413712501526
-1.0
-1.0
-1.0
309.0
397.0
131.0
0.132708340883255
-1.0
-1.0
-1.0
313.0
391.0
132.0
0.11025159060955048
-1.0
-1.0
-1.0
314.0
388.0
