79
7
0.0
0.16051766979955323
9.0
84.0
165.0
258.0
351.0
1.0
0.18248658445547294
21.0
83.0
172.0
256.0
344.0
2.0
0.16548864865628235
4.0
92.0
184.0
271.0
343.0
3.0
0.15013218704146164
13.0
85.0
173.0
272.0
349.0
4.0
0.1566684733137102
20.0
107.0
181.0
283.0
350.0
6.0
0.19130655319680928
32.0
89.0
179.0
265.0
329.0
7.0
0.17038519375585992
7.0
91.0
178.0
247.0
339.0
8.0
0.15760341836802344
11.0
99.0
169.0
268.0
338.0
9.0
0.18253744390821686
25.0
103.0
167.0
248.0
331.0
10.0
0.17312461162757237
17.0
108.0
190.0
264.0
332.0
11.0
0.17894551175621198
27.0
102.0
176.0
279.0
340.0
12.0
0.15564606810232132
0.0
106.0
168.0
257.0
341.0
13.0
0.16925433084603198
15.0
96.0
174.0
275.0
347.0
15.0
0.18767126729196199
29.0
138.0
201.0
313.0
403.0
16.0
0.1712197640320899
45.0
134.0
211.0
302.0
377.0
17.0
0.14743739177579077
2.0
110.0
191.0
255.0
336.0
18.0
0.17570523708298563
12.0
97.0
175.0
260.0
352.0
20.0
0.15901740538037917
14.0
113.0
189.0
270.0
366.0
21.0
0.16118531262546915
8.0
95.0
195.0
250.0
353.0
22.0
0.1762869580696354
3.0
90.0
180.0
259.0
327.0
23.0
0.17458175763827033
30.0
117.0
203.0
286.0
365.0
24.0
0.17290447267561193
6.0
133.0
223.0
266.0
359.0
25.0
0.19461157810791777
16.0
98.0
171.0
296.0
363.0
27.0
0.1423179459605008
5.0
101.0
185.0
278.0
357.0
28.0
0.18246650488127814
28.0
114.0
188.0
287.0
355.0
30.0
0.2043944201951307
53.0
137.0
209.0
267.0
370.0
31.0
0.2307421470502003
67.0
139.0
226.0
312.0
385.0
32.0
0.20980139918456292
42.0
129.0
199.0
277.0
367.0
33.0
0.1877972034166565
41.0
94.0
192.0
252.0
346.0
34.0
0.18306653701831327
33.0
116.0
170.0
251.0
337.0
35.0
0.1878077370840674
22.0
88.0
166.0
249.0
333.0
36.0
0.165572907698549
35.0
109.0
228.0
261.0
382.0
37.0
0.20812855031051525
19.0
104.0
205.0
282.0
356.0
38.0
0.22072675801893313
44.0
121.0
200.0
289.0
371.0
39.0
0.1720967452063838
46.0
124.0
227.0
318.0
402.0
40.0
0.2019224310862019
31.0
118.0
210.0
309.0
399.0
41.0
0.2143051002359428
54.0
125.0
207.0
298.0
380.0
43.0
0.17584505813336776
62.0
93.0
217.0
280.0
354.0
44.0
0.17241406717166968
23.0
132.0
220.0
300.0
383.0
45.0
0.16975859074896127
58.0
111.0
225.0
301.0
361.0
46.0
0.2776383634835182
47.0
131.0
222.0
291.0
368.0
53.0
0.17703779746661663
48.0
141.0
204.0
285.0
375.0
58.0
0.17883640528436726
51.0
144.0
230.0
307.0
394.0
67.0
0.1772104518856299
72.0
160.0
235.0
314.0
389.0
68.0
0.3051677914139467
78.0
158.0
242.0
321.0
386.0
70.0
0.17668322695039113
59.0
119.0
198.0
284.0
358.0
84.0
0.2757364948973198
43.0
142.0
202.0
294.0
374.0
85.0
0.19698332033729038
24.0
112.0
183.0
253.0
334.0
88.0
0.22585686011252193
1.0
86.0
182.0
262.0
345.0
89.0
0.1867343697529371
18.0
105.0
193.0
281.0
342.0
92.0
0.16863352000986967
37.0
140.0
213.0
303.0
378.0
100.0
0.2236062704038062
39.0
136.0
208.0
290.0
348.0
102.0
0.1689802629240944
60.0
115.0
212.0
288.0
362.0
108.0
0.18959313055995608
40.0
130.0
197.0
292.0
379.0
110.0
0.2096917504411522
26.0
120.0
187.0
263.0
369.0
122.0
0.20684692092618207
66.0
161.0
215.0
305.0
393.0
126.0
0.39693430642364547
57.0
152.0
246.0
315.0
395.0
128.0
0.20216213505773337
61.0
145.0
216.0
299.0
376.0
138.0
0.2176791419624351
49.0
135.0
206.0
295.0
388.0
139.0
0.23112623376073316
55.0
126.0
196.0
276.0
381.0
141.0
0.22035020356997848
10.0
87.0
186.0
269.0
328.0
150.0
0.19646472297608852
63.0
122.0
239.0
317.0
401.0
151.0
0.22886240296065807
36.0
123.0
194.0
274.0
335.0
153.0
0.18670556042343378
73.0
157.0
231.0
322.0
398.0
154.0
0.24574459437280893
38.0
128.0
219.0
308.0
406.0
155.0
0.2137577086687088
65.0
150.0
234.0
325.0
397.0
163.0
0.19071611016988754
82.0
155.0
237.0
310.0
372.0
164.0
0.147431085507075
-1.0
100.0
177.0
254.0
330.0
165.0
0.22904362777868909
-1.0
127.0
214.0
293.0
364.0
166.0
0.15524039665857953
-1.0
143.0
236.0
323.0
373.0
169.0
0.20660838981469473
-1.0
153.0
218.0
273.0
360.0
171.0
0.18797500431537628
-1.0
-1.0
221.0
297.0
384.0
173.0
0.23464249074459076
-1.0
-1.0
233.0
324.0
392.0
174.0
0.16032356768846512
-1.0
-1.0
238.0
319.0
405.0
176.0
0.15618640929460526
-1.0
-1.0
245.0
304.0
391.0
177.0
0.12789380550384521
-1.0
-1.0
-1.0
306.0
400.0
178.0
0.0775207057595253
-1.0
-1.0
-1.0
311.0
387.0
179.0
0.15157732367515564
-1.0
-1.0
-1.0
316.0
390.0
180.0
0.25062817335128784
-1.0
-1.0
-1.0
326.0
407.0
