72
7
0.0
0.11836246152718863
-1.0
0.0
79.0
174.0
254.0
1.0
0.14309588074684143
-1.0
1.0
80.0
169.0
241.0
2.0
0.13385620453239727
-1.0
2.0
81.0
160.0
246.0
3.0
0.13874825338522595
-1.0
3.0
82.0
163.0
238.0
4.0
0.14235052963097888
-1.0
4.0
83.0
189.0
260.0
5.0
0.19449454545974731
-1.0
5.0
84.0
161.0
303.0
6.0
0.18423326255287975
-1.0
6.0
85.0
165.0
236.0
7.0
0.13414889574050903
-1.0
7.0
86.0
178.0
265.0
8.0
0.12261998156706493
-1.0
8.0
87.0
164.0
250.0
9.0
0.13029587920755148
-1.0
9.0
88.0
159.0
237.0
10.0
0.14487433433532715
-1.0
10.0
89.0
187.0
243.0
11.0
0.16834169626235962
-1.0
11.0
90.0
179.0
258.0
12.0
0.15761626002495177
-1.0
12.0
91.0
162.0
245.0
13.0
0.14794683456420898
-1.0
13.0
92.0
175.0
252.0
15.0
0.11609109739462535
-1.0
15.0
94.0
173.0
275.0
16.0
0.0999739021062851
-1.0
16.0
95.0
182.0
253.0
17.0
0.14502169427578337
-1.0
17.0
96.0
158.0
239.0
18.0
0.15222751258018738
-1.0
18.0
97.0
188.0
259.0
19.0
0.16984727482000989
-1.0
19.0
98.0
192.0
271.0
20.0
0.14764875173568726
-1.0
20.0
99.0
170.0
268.0
21.0
0.13451601539660868
-1.0
21.0
100.0
180.0
248.0
22.0
0.1762068917353948
-1.0
22.0
101.0
167.0
251.0
23.0
0.14973368247350058
-1.0
23.0
102.0
211.0
279.0
24.0
0.15557320415973663
-1.0
24.0
103.0
171.0
255.0
25.0
0.17514492988508817
-1.0
25.0
104.0
186.0
262.0
26.0
0.19744738856873786
-1.0
26.0
105.0
191.0
266.0
27.0
0.10260410084932423
-1.0
27.0
106.0
190.0
298.0
28.0
0.13587823013464612
-1.0
28.0
107.0
203.0
278.0
30.0
0.14234952628612518
-1.0
30.0
109.0
176.0
244.0
31.0
0.17770520349343616
-1.0
31.0
110.0
194.0
287.0
32.0
0.13784869511922201
-1.0
32.0
111.0
201.0
270.0
33.0
0.17447876930236816
-1.0
33.0
112.0
172.0
247.0
34.0
0.1516594837109248
-1.0
34.0
113.0
177.0
263.0
35.0
0.14064599573612213
-1.0
35.0
114.0
166.0
240.0
36.0
0.12934039909547818
-1.0
36.0
115.0
168.0
242.0
37.0
0.18752357363700867
-1.0
37.0
116.0
183.0
249.0
38.0
0.17226524886791594
-1.0
38.0
117.0
181.0
283.0
39.0
0.12619327505429587
-1.0
39.0
118.0
185.0
264.0
40.0
0.12535223741239557
-1.0
40.0
119.0
204.0
274.0
41.0
0.18457303941249847
-1.0
41.0
120.0
199.0
273.0
42.0
0.2157684663931529
-1.0
42.0
121.0
193.0
272.0
43.0
0.1388133019208908
-1.0
43.0
122.0
184.0
291.0
44.0
0.15316151082515717
-1.0
44.0
123.0
208.0
282.0
45.0
0.11773075660069784
-1.0
45.0
124.0
202.0
295.0
46.0
0.23041149973869324
-1.0
46.0
125.0
200.0
281.0
47.0
0.2073964277903239
-1.0
47.0
126.0
207.0
286.0
49.0
0.21528742433292794
-1.0
49.0
128.0
197.0
277.0
50.0
0.12330278729010995
-1.0
50.0
129.0
210.0
297.0
51.0
0.1362274040778478
-1.0
51.0
130.0
215.0
261.0
52.0
0.21577871759654954
-1.0
52.0
131.0
195.0
256.0
53.0
0.16618587573369345
-1.0
53.0
132.0
218.0
280.0
54.0
0.12255300581455231
-1.0
54.0
133.0
216.0
296.0
55.0
0.16142073770364126
-1.0
55.0
134.0
206.0
290.0
57.0
0.15810758843629932
-1.0
57.0
136.0
212.0
292.0
58.0
0.14451022185191204
-1.0
58.0
137.0
219.0
289.0
62.0
0.13093341390291852
-1.0
62.0
141.0
234.0
313.0
63.0
0.1397370199362437
-1.0
63.0
142.0
209.0
299.0
64.0
0.18641188164474443
-1.0
64.0
143.0
225.0
300.0
65.0
0.13778262059592333
-1.0
65.0
144.0
221.0
304.0
67.0
0.1189760165871121
-1.0
67.0
146.0
217.0
294.0
68.0
0.18006272117296857
-1.0
68.0
147.0
214.0
309.0
70.0
0.13086642821629843
-1.0
70.0
149.0
226.0
288.0
72.0
0.2391178458929062
-1.0
72.0
151.0
220.0
293.0
75.0
0.16982752738598111
-1.0
75.0
154.0
213.0
284.0
76.0
0.30379720449370023
-1.0
76.0
155.0
230.0
314.0
79.0
0.23466220498085022
-1.0
-1.0
-1.0
205.0
305.0
80.0
0.21864725649356842
-1.0
-1.0
-1.0
222.0
306.0
81.0
0.18360479176044464
-1.0
-1.0
-1.0
223.0
257.0
82.0
0.1529388576745987
-1.0
-1.0
-1.0
227.0
310.0
84.0
0.40502744913101196
-1.0
-1.0
-1.0
231.0
311.0
85.0
0.33350127935409546
-1.0
-1.0
-1.0
232.0
269.0
86.0
0.2794762849807739
-1.0
-1.0
-1.0
233.0
312.0
