79
7
0.0
0.1556251675352232
0.0
93.0
186.0
246.0
350.0
1.0
0.1910030659310721
7.0
91.0
179.0
251.0
343.0
2.0
0.15856434958611068
19.0
106.0
178.0
248.0
336.0
3.0
0.14577633766428766
8.0
107.0
184.0
257.0
329.0
4.0
0.15564210193071204
16.0
118.0
185.0
268.0
352.0
6.0
0.18189057535225617
14.0
100.0
164.0
243.0
332.0
7.0
0.18387714508770114
13.0
82.0
174.0
244.0
341.0
8.0
0.15291052900511126
4.0
103.0
173.0
253.0
339.0
9.0
0.16190276898750794
2.0
83.0
166.0
274.0
334.0
10.0
0.17135111535983918
25.0
99.0
167.0
270.0
360.0
11.0
0.16419213647648906
11.0
114.0
175.0
247.0
342.0
12.0
0.17025275653947217
3.0
92.0
176.0
249.0
348.0
13.0
0.1502988672176528
9.0
110.0
182.0
278.0
357.0
16.0
0.1797131185670146
46.0
137.0
212.0
279.0
375.0
17.0
0.15566176721711303
26.0
90.0
171.0
264.0
338.0
18.0
0.1770700949573969
10.0
95.0
187.0
258.0
355.0
20.0
0.1665606972591417
24.0
105.0
201.0
285.0
356.0
21.0
0.16892858782226294
30.0
85.0
188.0
273.0
359.0
22.0
0.1746851088913342
15.0
94.0
162.0
254.0
344.0
23.0
0.17441067739580646
38.0
121.0
200.0
288.0
353.0
24.0
0.17337491985039247
58.0
101.0
194.0
290.0
369.0
25.0
0.19655371862708282
6.0
131.0
198.0
252.0
346.0
27.0
0.15324666921235935
20.0
113.0
192.0
283.0
378.0
28.0
0.15709734125593422
23.0
122.0
190.0
260.0
331.0
30.0
0.1654094868573406
44.0
102.0
205.0
271.0
354.0
31.0
0.21408378918575033
61.0
147.0
220.0
308.0
404.0
32.0
0.19572957985473693
34.0
112.0
202.0
302.0
382.0
33.0
0.17235141326954462
27.0
87.0
181.0
266.0
340.0
34.0
0.17403313612697324
5.0
86.0
172.0
267.0
345.0
35.0
0.1848986372119765
1.0
84.0
168.0
261.0
330.0
36.0
0.16513301590777774
63.0
96.0
217.0
280.0
333.0
37.0
0.1932409975638145
40.0
117.0
191.0
263.0
347.0
38.0
0.18418575717646762
35.0
124.0
206.0
296.0
384.0
39.0
0.18580258602283967
62.0
153.0
237.0
281.0
374.0
40.0
0.2100411753140573
45.0
144.0
234.0
298.0
388.0
41.0
0.22499911434591027
42.0
133.0
215.0
293.0
380.0
43.0
0.1869737699833684
52.0
115.0
189.0
282.0
386.0
44.0
0.17109928249343673
55.0
135.0
218.0
299.0
370.0
45.0
0.1626494886489895
60.0
136.0
196.0
301.0
366.0
46.0
0.2575051734091546
57.0
126.0
203.0
286.0
387.0
53.0
0.2071056694327113
39.0
120.0
210.0
297.0
358.0
58.0
0.1891624201129166
65.0
142.0
229.0
317.0
385.0
67.0
0.22022939569758393
70.0
149.0
224.0
319.0
395.0
68.0
0.2644810483796617
77.0
156.0
221.0
304.0
396.0
70.0
0.15025622941223382
33.0
119.0
193.0
275.0
362.0
84.0
0.23004512621379303
37.0
129.0
209.0
291.0
398.0
85.0
0.17494926573061653
18.0
88.0
169.0
255.0
337.0
88.0
0.2330475885223824
17.0
97.0
180.0
245.0
361.0
89.0
0.18211116438254726
28.0
116.0
177.0
277.0
367.0
92.0
0.17698818784361017
48.0
138.0
213.0
287.0
372.0
100.0
0.18207191872474393
43.0
125.0
183.0
256.0
377.0
102.0
0.1593453347210918
47.0
123.0
197.0
284.0
379.0
108.0
0.2251826054665642
32.0
127.0
214.0
310.0
368.0
110.0
0.20913613630504815
22.0
98.0
204.0
276.0
349.0
122.0
0.19267580748282853
50.0
140.0
228.0
294.0
383.0
126.0
0.31762263689233805
81.0
150.0
230.0
314.0
394.0
128.0
0.21061413646475555
51.0
134.0
211.0
306.0
399.0
138.0
0.23242353312889463
41.0
130.0
223.0
303.0
392.0
139.0
0.2300406590984494
31.0
111.0
216.0
289.0
373.0
141.0
0.23065044693066739
21.0
104.0
163.0
269.0
351.0
151.0
0.22859826299827546
29.0
109.0
170.0
265.0
335.0
153.0
0.17933070712024346
66.0
157.0
233.0
316.0
408.0
154.0
0.2362923445762135
54.0
143.0
241.0
328.0
405.0
155.0
0.20550050027668476
69.0
160.0
232.0
311.0
391.0
163.0
0.22377901384606957
72.0
145.0
207.0
324.0
390.0
164.0
0.17132577393203974
12.0
89.0
165.0
250.0
364.0
165.0
0.20672299806028605
49.0
128.0
199.0
295.0
381.0
166.0
0.16825313679873943
71.0
158.0
208.0
305.0
401.0
169.0
0.17950381245464087
53.0
108.0
195.0
262.0
376.0
171.0
0.2098306454718113
56.0
132.0
219.0
272.0
371.0
176.0
0.15879294648766518
80.0
139.0
226.0
315.0
403.0
179.0
0.18257873753706616
-1.0
151.0
225.0
300.0
363.0
180.0
0.23187413314978284
-1.0
161.0
242.0
292.0
389.0
181.0
0.23106972873210907
-1.0
-1.0
231.0
321.0
415.0
182.0
0.15380708128213882
-1.0
-1.0
239.0
327.0
400.0
184.0
0.1705685257911682
-1.0
-1.0
-1.0
307.0
416.0
185.0
0.19657187163829803
-1.0
-1.0
-1.0
309.0
407.0
186.0
0.23679299652576447
-1.0
-1.0
-1.0
313.0
397.0
190.0
0.15474818646907806
-1.0
-1.0
-1.0
323.0
393.0
