70
7
0.0
0.17036017337130716
0.0
77.0
160.0
239.0
315.0
1.0
0.2004523379763441
4.0
75.0
164.0
241.0
321.0
2.0
0.18708587253335773
8.0
81.0
176.0
265.0
336.0
3.0
0.15695992349600374
1.0
87.0
174.0
240.0
322.0
4.0
0.16506005505635812
29.0
90.0
186.0
267.0
349.0
6.0
0.22044296469784586
3.0
78.0
161.0
238.0
332.0
7.0
0.19078075643335524
6.0
79.0
156.0
237.0
333.0
8.0
0.1566880834112112
2.0
99.0
157.0
253.0
339.0
9.0
0.20692571777495417
20.0
76.0
159.0
258.0
318.0
10.0
0.1727929819372207
12.0
85.0
185.0
251.0
317.0
11.0
0.2284086897382167
27.0
94.0
172.0
245.0
323.0
12.0
0.18856564979784662
5.0
92.0
171.0
262.0
316.0
13.0
0.19250605927089737
28.0
98.0
187.0
287.0
341.0
15.0
0.20082275788269044
44.0
113.0
200.0
291.0
376.0
16.0
0.14065469146183318
31.0
108.0
189.0
266.0
355.0
17.0
0.1818286164033175
7.0
80.0
169.0
243.0
319.0
18.0
0.17296072136212737
15.0
84.0
167.0
255.0
340.0
20.0
0.1619884031211427
37.0
100.0
184.0
275.0
350.0
21.0
0.16422891642274773
13.0
107.0
173.0
264.0
326.0
22.0
0.21861676779343497
23.0
104.0
163.0
256.0
331.0
23.0
0.1786448572614745
32.0
82.0
188.0
248.0
356.0
24.0
0.2122912336758418
22.0
97.0
162.0
272.0
320.0
25.0
0.21600973246417055
17.0
106.0
166.0
280.0
328.0
27.0
0.14062458850400072
39.0
123.0
193.0
281.0
358.0
28.0
0.23223364128057256
53.0
117.0
183.0
285.0
324.0
30.0
0.19284601378143407
50.0
105.0
195.0
261.0
329.0
31.0
0.21785596327225676
60.0
133.0
214.0
292.0
369.0
32.0
0.23789435284396632
47.0
115.0
205.0
298.0
351.0
33.0
0.20862693203309846
25.0
110.0
191.0
247.0
325.0
34.0
0.18298616918087873
24.0
86.0
170.0
269.0
360.0
35.0
0.22437766619850663
9.0
96.0
177.0
278.0
335.0
36.0
0.17625718037669502
21.0
95.0
198.0
254.0
348.0
37.0
0.2262685865630374
10.0
89.0
165.0
270.0
359.0
38.0
0.24733303424107544
35.0
109.0
182.0
259.0
347.0
39.0
0.18420659229781222
40.0
102.0
179.0
274.0
362.0
40.0
0.20488778225831128
41.0
119.0
204.0
307.0
366.0
41.0
0.2131519850555037
43.0
125.0
206.0
277.0
354.0
43.0
0.1768780032754762
11.0
129.0
210.0
244.0
330.0
44.0
0.19070733120673822
18.0
111.0
168.0
271.0
372.0
45.0
0.1564474826799369
14.0
101.0
197.0
300.0
346.0
46.0
0.3012956691393356
38.0
114.0
196.0
273.0
368.0
52.0
0.2715673905494904
33.0
103.0
178.0
252.0
344.0
53.0
0.19486943208630692
48.0
124.0
199.0
284.0
375.0
57.0
0.19105964229054417
65.0
138.0
222.0
296.0
371.0
58.0
0.1858783017515243
42.0
120.0
202.0
289.0
378.0
64.0
0.2633929984801975
61.0
136.0
225.0
306.0
374.0
67.0
0.2088784742705243
66.0
127.0
226.0
294.0
370.0
68.0
0.23689340261319103
62.0
142.0
211.0
288.0
381.0
70.0
0.1936270081370708
54.0
116.0
212.0
290.0
352.0
79.0
0.19873689625364932
64.0
150.0
232.0
301.0
382.0
84.0
0.2704342736360559
52.0
146.0
218.0
309.0
367.0
85.0
0.22756484686215117
30.0
88.0
194.0
246.0
337.0
88.0
0.2331218114341027
36.0
112.0
158.0
249.0
327.0
89.0
0.20378892669759807
57.0
132.0
220.0
279.0
353.0
90.0
0.2574063732099603
26.0
121.0
201.0
282.0
357.0
92.0
0.21751954337378268
34.0
91.0
190.0
257.0
364.0
96.0
0.1951889794145245
59.0
130.0
215.0
299.0
383.0
100.0
0.2607864476303803
69.0
143.0
221.0
308.0
345.0
102.0
0.1888211290934123
68.0
141.0
207.0
295.0
373.0
108.0
0.18974035081919283
19.0
118.0
192.0
260.0
334.0
110.0
0.2218756994698197
46.0
122.0
180.0
242.0
342.0
122.0
0.20904835313558578
71.0
128.0
228.0
283.0
379.0
125.0
0.20133291681607565
-1.0
139.0
224.0
268.0
361.0
126.0
0.28760926425457
-1.0
140.0
213.0
302.0
385.0
128.0
0.26295175651709235
-1.0
148.0
236.0
311.0
377.0
132.0
0.19056397179762524
-1.0
153.0
227.0
286.0
363.0
138.0
0.2631978988647461
-1.0
-1.0
231.0
263.0
343.0
139.0
0.3524676114320755
-1.0
-1.0
233.0
293.0
365.0
141.0
0.24383574724197388
-1.0
-1.0
-1.0
250.0
338.0
142.0
0.188460111618042
-1.0
-1.0
-1.0
303.0
384.0
