81
7
0.0
0.1605039730927782
24.0
84.0
188.0
256.0
357.0
1.0
0.18707354364577883
17.0
89.0
181.0
275.0
354.0
2.0
0.17823376631793084
16.0
86.0
174.0
271.0
346.0
3.0
0.15472926084750968
22.0
95.0
167.0
272.0
347.0
4.0
0.1448617809082201
23.0
106.0
190.0
296.0
372.0
6.0
0.18718155748934187
2.0
81.0
170.0
255.0
345.0
7.0
0.17481802953555178
12.0
82.0
179.0
258.0
341.0
8.0
0.16771425591460298
11.0
91.0
177.0
276.0
363.0
9.0
0.14733348986772338
4.0
112.0
172.0
278.0
365.0
10.0
0.16873691535777025
5.0
108.0
198.0
290.0
356.0
11.0
0.18479474336843127
13.0
85.0
180.0
273.0
340.0
12.0
0.16243056185365928
14.0
87.0
186.0
265.0
349.0
13.0
0.18642415213880284
20.0
116.0
195.0
264.0
376.0
16.0
0.1819632678258856
50.0
117.0
213.0
301.0
375.0
17.0
0.16076925703841827
9.0
102.0
176.0
289.0
352.0
18.0
0.19580992151858967
25.0
96.0
193.0
263.0
359.0
20.0
0.1648999681891689
39.0
123.0
194.0
287.0
378.0
21.0
0.18959412223928301
26.0
111.0
197.0
267.0
348.0
22.0
0.17619080556437713
0.0
92.0
182.0
285.0
343.0
23.0
0.19521792406731048
38.0
126.0
191.0
262.0
364.0
24.0
0.18082199269464053
32.0
128.0
207.0
295.0
368.0
25.0
0.20002833842146445
36.0
90.0
184.0
294.0
377.0
27.0
0.15514775453473154
30.0
121.0
216.0
266.0
381.0
28.0
0.1682845949958588
28.0
98.0
169.0
269.0
342.0
30.0
0.16677797662128838
43.0
109.0
192.0
270.0
366.0
31.0
0.21888490583527898
58.0
146.0
242.0
319.0
407.0
32.0
0.2210904488314298
40.0
140.0
220.0
327.0
380.0
33.0
0.17024240640906896
19.0
104.0
178.0
277.0
369.0
34.0
0.16517458164556587
10.0
105.0
183.0
279.0
350.0
35.0
0.21213177264295036
6.0
99.0
168.0
259.0
339.0
36.0
0.17399816863069686
55.0
118.0
171.0
260.0
367.0
37.0
0.19485363869239503
29.0
101.0
185.0
268.0
370.0
38.0
0.19900992639533555
44.0
134.0
222.0
298.0
400.0
39.0
0.1876308543479959
75.0
119.0
212.0
304.0
385.0
40.0
0.19453886013195018
72.0
136.0
226.0
299.0
416.0
41.0
0.26946686830636235
53.0
131.0
218.0
315.0
399.0
43.0
0.18337144396494176
27.0
120.0
224.0
274.0
371.0
44.0
0.16849821742078908
56.0
137.0
208.0
320.0
396.0
45.0
0.19396052669801864
34.0
139.0
204.0
305.0
391.0
46.0
0.2649253475987374
41.0
124.0
225.0
307.0
405.0
53.0
0.2061294352936549
48.0
135.0
196.0
286.0
374.0
58.0
0.18932074133997528
67.0
155.0
223.0
321.0
393.0
67.0
0.20218832612227844
62.0
157.0
233.0
324.0
404.0
68.0
0.23864038414935884
59.0
142.0
234.0
329.0
415.0
70.0
0.16042421831097975
31.0
113.0
200.0
291.0
390.0
84.0
0.22209338266448903
47.0
129.0
236.0
317.0
386.0
85.0
0.20482822444973722
7.0
93.0
175.0
261.0
362.0
88.0
0.2380190578411228
18.0
83.0
199.0
281.0
353.0
89.0
0.21323466139926583
15.0
115.0
205.0
288.0
360.0
92.0
0.18155258805344776
51.0
125.0
210.0
292.0
417.0
100.0
0.18077274848451935
21.0
94.0
215.0
293.0
358.0
102.0
0.15242161282476974
35.0
122.0
217.0
310.0
384.0
108.0
0.2283694023348315
52.0
148.0
206.0
303.0
397.0
110.0
0.20513821650205968
42.0
114.0
187.0
284.0
355.0
122.0
0.21534501579040466
66.0
132.0
221.0
316.0
413.0
128.0
0.19781780798399493
49.0
144.0
237.0
323.0
392.0
138.0
0.22298865530297007
61.0
141.0
230.0
306.0
403.0
139.0
0.19901079754640705
54.0
127.0
211.0
314.0
388.0
141.0
0.26205962362837454
1.0
107.0
189.0
280.0
361.0
151.0
0.242911275177903
8.0
103.0
173.0
282.0
351.0
154.0
0.2317883301038819
79.0
166.0
243.0
311.0
425.0
155.0
0.2561808965401724
70.0
149.0
229.0
325.0
409.0
163.0
0.23059908548020758
45.0
162.0
228.0
308.0
394.0
164.0
0.18701239727670327
3.0
88.0
202.0
257.0
344.0
165.0
0.23630129179218784
37.0
133.0
219.0
302.0
379.0
169.0
0.21431295241927728
33.0
100.0
214.0
283.0
382.0
171.0
0.21328957029618323
57.0
110.0
209.0
313.0
373.0
176.0
0.14229058870114386
64.0
153.0
241.0
318.0
406.0
179.0
0.17982048261910677
63.0
138.0
201.0
322.0
421.0
184.0
0.16156829396883648
-1.0
145.0
254.0
330.0
387.0
185.0
0.200888733069102
-1.0
147.0
245.0
326.0
402.0
190.0
0.21089665095011395
-1.0
161.0
231.0
334.0
398.0
192.0
0.20570320636034012
-1.0
-1.0
203.0
297.0
401.0
194.0
0.27772948145866394
-1.0
-1.0
244.0
338.0
418.0
195.0
0.2312646135687828
-1.0
-1.0
247.0
328.0
410.0
196.0
0.23942403495311737
-1.0
-1.0
248.0
300.0
383.0
200.0
0.20163808017969131
-1.0
-1.0
252.0
312.0
395.0
202.0
0.24971015751361847
-1.0
-1.0
-1.0
331.0
411.0
203.0
0.2520330846309662
-1.0
-1.0
-1.0
332.0
419.0
204.0
0.31866589188575745
-1.0
-1.0
-1.0
336.0
424.0
205.0
0.4722469747066498
-1.0
-1.0
-1.0
337.0
414.0
