69
7
0.0
0.08810804784297943
-1.0
-1.0
0.0
79.0
174.0
1.0
0.09969998896121979
-1.0
-1.0
1.0
80.0
169.0
2.0
0.08424378541531041
-1.0
-1.0
2.0
81.0
160.0
3.0
0.11725334823131561
-1.0
-1.0
3.0
82.0
163.0
4.0
0.10655416548252106
-1.0
-1.0
4.0
83.0
189.0
5.0
0.13807162642478943
-1.0
-1.0
5.0
84.0
161.0
6.0
0.15104105236241594
-1.0
-1.0
6.0
85.0
165.0
7.0
0.11004474759101868
-1.0
-1.0
7.0
86.0
178.0
8.0
0.09786217659711838
-1.0
-1.0
8.0
87.0
164.0
9.0
0.08355014258995652
-1.0
-1.0
9.0
88.0
159.0
10.0
0.10004404932260513
-1.0
-1.0
10.0
89.0
187.0
11.0
0.15788482129573822
-1.0
-1.0
11.0
90.0
179.0
12.0
0.1350388413266046
-1.0
-1.0
12.0
91.0
162.0
13.0
0.09368017315864563
-1.0
-1.0
13.0
92.0
175.0
14.0
0.13049957720795646
-1.0
-1.0
14.0
93.0
198.0
15.0
0.09318994730710983
-1.0
-1.0
15.0
94.0
173.0
16.0
0.07733363658189774
-1.0
-1.0
16.0
95.0
182.0
17.0
0.09917745347775053
-1.0
-1.0
17.0
96.0
158.0
18.0
0.11966139313881285
-1.0
-1.0
18.0
97.0
188.0
19.0
0.11732146888971329
-1.0
-1.0
19.0
98.0
192.0
20.0
0.11687503755092621
-1.0
-1.0
20.0
99.0
170.0
21.0
0.103599436202785
-1.0
-1.0
21.0
100.0
180.0
22.0
0.1218271479010582
-1.0
-1.0
22.0
101.0
167.0
23.0
0.11366889625787735
-1.0
-1.0
23.0
102.0
211.0
24.0
0.10748358815908432
-1.0
-1.0
24.0
103.0
171.0
25.0
0.13904745757463388
-1.0
-1.0
25.0
104.0
186.0
26.0
0.1543798136699479
-1.0
-1.0
26.0
105.0
191.0
27.0
0.07172227613045834
-1.0
-1.0
27.0
106.0
190.0
28.0
0.11383670568466187
-1.0
-1.0
28.0
107.0
203.0
29.0
0.13075673580169678
-1.0
-1.0
29.0
108.0
196.0
30.0
0.1184278354048729
-1.0
-1.0
30.0
109.0
176.0
31.0
0.14783979952335358
-1.0
-1.0
31.0
110.0
194.0
32.0
0.10302792489528656
-1.0
-1.0
32.0
111.0
201.0
33.0
0.13787494599819183
-1.0
-1.0
33.0
112.0
172.0
34.0
0.12700214982032776
-1.0
-1.0
34.0
113.0
177.0
35.0
0.1141231432557106
-1.0
-1.0
35.0
114.0
166.0
36.0
0.12491664855042472
-1.0
-1.0
36.0
115.0
168.0
37.0
0.135289266705513
-1.0
-1.0
37.0
116.0
183.0
38.0
0.16060591097630095
-1.0
-1.0
38.0
117.0
181.0
39.0
0.11820095777511597
-1.0
-1.0
39.0
118.0
185.0
40.0
0.09156886307755485
-1.0
-1.0
40.0
119.0
204.0
41.0
0.12235306948423386
-1.0
-1.0
41.0
120.0
199.0
42.0
0.13366548717021942
-1.0
-1.0
42.0
121.0
193.0
43.0
0.12163104861974716
-1.0
-1.0
43.0
122.0
184.0
44.0
0.11754059046506882
-1.0
-1.0
44.0
123.0
208.0
45.0
0.09597185999155045
-1.0
-1.0
45.0
124.0
202.0
46.0
0.18970559537410736
-1.0
-1.0
46.0
125.0
200.0
47.0
0.18501994013786316
-1.0
-1.0
47.0
126.0
207.0
48.0
0.17836743162479252
-1.0
-1.0
48.0
127.0
224.0
49.0
0.20636606545303948
-1.0
-1.0
49.0
128.0
197.0
50.0
0.1102549280913081
-1.0
-1.0
50.0
129.0
210.0
51.0
0.12023758143186569
-1.0
-1.0
51.0
130.0
215.0
52.0
0.17534957706811838
-1.0
-1.0
52.0
131.0
195.0
53.0
0.10460720956325531
-1.0
-1.0
53.0
132.0
218.0
54.0
0.10339304804801941
-1.0
-1.0
54.0
133.0
216.0
55.0
0.1654602587223053
-1.0
-1.0
55.0
134.0
206.0
57.0
0.16264168135239743
-1.0
-1.0
57.0
136.0
212.0
58.0
0.1135544663266046
-1.0
-1.0
58.0
137.0
219.0
62.0
0.11200441420078278
-1.0
-1.0
62.0
141.0
234.0
63.0
0.10655808448791504
-1.0
-1.0
63.0
142.0
209.0
64.0
0.1636906105268281
-1.0
-1.0
64.0
143.0
225.0
65.0
0.12322157205198891
-1.0
-1.0
65.0
144.0
221.0
67.0
0.10408162287785672
-1.0
-1.0
67.0
146.0
217.0
68.0
0.14115847647190094
-1.0
-1.0
68.0
147.0
214.0
70.0
0.08505506813526154
-1.0
-1.0
70.0
149.0
226.0
72.0
0.2456941157579422
-1.0
-1.0
72.0
151.0
220.0
74.0
0.13762961328029633
-1.0
-1.0
74.0
153.0
229.0
75.0
0.13968680289690383
-1.0
-1.0
75.0
154.0
213.0
76.0
0.170518546103267
-1.0
-1.0
76.0
155.0
230.0
