82
7
0.0
0.14582492383298062
20.0
85.0
181.0
264.0
348.0
1.0
0.19873603265820658
15.0
98.0
180.0
281.0
343.0
2.0
0.15169388489929647
0.0
81.0
183.0
267.0
355.0
3.0
0.14525217900125414
1.0
84.0
178.0
256.0
350.0
4.0
0.14474346006690175
35.0
114.0
188.0
277.0
369.0
6.0
0.1799841742902479
8.0
87.0
171.0
252.0
361.0
7.0
0.15306147683502191
11.0
82.0
165.0
249.0
339.0
8.0
0.15495793130302626
24.0
89.0
177.0
263.0
352.0
9.0
0.13888716315109215
17.0
92.0
167.0
253.0
370.0
10.0
0.14396350034421107
38.0
112.0
182.0
271.0
354.0
11.0
0.18240440181623047
28.0
90.0
169.0
259.0
342.0
12.0
0.1613768477149591
21.0
80.0
168.0
257.0
338.0
13.0
0.20006091351014904
26.0
105.0
204.0
270.0
359.0
16.0
0.2130735579541894
40.0
106.0
219.0
302.0
415.0
17.0
0.17327147445526983
34.0
103.0
196.0
292.0
367.0
18.0
0.1765972397730204
33.0
123.0
185.0
272.0
371.0
20.0
0.1501210252339481
14.0
93.0
192.0
290.0
364.0
21.0
0.18789642089257785
3.0
95.0
172.0
265.0
349.0
22.0
0.17740935776743008
2.0
86.0
170.0
260.0
344.0
23.0
0.1864937131622303
25.0
109.0
202.0
266.0
358.0
24.0
0.17275649784313882
49.0
117.0
195.0
274.0
347.0
25.0
0.18564056895786774
39.0
122.0
228.0
317.0
392.0
27.0
0.15118410682815192
16.0
120.0
203.0
293.0
366.0
28.0
0.17160925890633139
4.0
102.0
164.0
250.0
340.0
30.0
0.15754537521264367
22.0
100.0
205.0
295.0
346.0
32.0
0.20508421967398133
50.0
118.0
218.0
276.0
373.0
33.0
0.20638184007179194
7.0
110.0
189.0
269.0
351.0
34.0
0.13796644330889954
13.0
96.0
173.0
284.0
356.0
35.0
0.2162000719082966
12.0
94.0
166.0
254.0
345.0
36.0
0.1604172645512306
23.0
88.0
184.0
261.0
365.0
37.0
0.16971120775197315
19.0
107.0
194.0
273.0
353.0
38.0
0.19063419296266657
57.0
115.0
208.0
282.0
378.0
39.0
0.15165497567094394
41.0
121.0
215.0
301.0
386.0
40.0
0.1601985201444105
51.0
136.0
225.0
312.0
400.0
41.0
0.2249032971289679
67.0
159.0
214.0
309.0
362.0
43.0
0.1807977390400359
29.0
111.0
213.0
303.0
376.0
44.0
0.1489197568864733
64.0
140.0
243.0
323.0
420.0
45.0
0.16271858980026305
18.0
101.0
187.0
268.0
375.0
46.0
0.20551860085120643
54.0
137.0
221.0
307.0
383.0
53.0
0.18801366673854078
36.0
116.0
179.0
288.0
363.0
68.0
0.1676422287513827
68.0
133.0
216.0
297.0
403.0
70.0
0.14606114077653462
27.0
99.0
197.0
287.0
401.0
84.0
0.1957566954475675
61.0
134.0
212.0
278.0
382.0
85.0
0.21445227488634927
9.0
91.0
175.0
251.0
360.0
88.0
0.2665437840723669
10.0
83.0
174.0
258.0
408.0
89.0
0.2432135275972992
45.0
113.0
201.0
262.0
412.0
92.0
0.2118787367098159
73.0
163.0
224.0
311.0
389.0
100.0
0.20094847860417758
56.0
135.0
229.0
314.0
357.0
102.0
0.14714657911360113
59.0
141.0
199.0
289.0
372.0
108.0
0.17331525455264385
47.0
132.0
220.0
296.0
379.0
110.0
0.17483676158974476
46.0
147.0
210.0
306.0
388.0
128.0
0.16301757476709205
43.0
124.0
211.0
279.0
368.0
138.0
0.1652965224453003
53.0
139.0
209.0
308.0
396.0
139.0
0.1603295436093044
31.0
126.0
198.0
291.0
374.0
141.0
0.1911386927995259
44.0
108.0
186.0
275.0
381.0
151.0
0.26419440643027636
5.0
97.0
176.0
283.0
398.0
164.0
0.23685641117243605
6.0
104.0
193.0
255.0
341.0
165.0
0.24324655230001824
42.0
127.0
207.0
299.0
387.0
169.0
0.19813449627422486
32.0
128.0
191.0
300.0
385.0
171.0
0.18343507611500343
48.0
138.0
190.0
280.0
384.0
196.0
0.20231704246543813
30.0
130.0
227.0
285.0
395.0
206.0
0.1604252352262847
66.0
142.0
230.0
294.0
377.0
207.0
0.1906283394782804
60.0
149.0
206.0
319.0
413.0
208.0
0.3988983342424035
70.0
150.0
233.0
336.0
407.0
217.0
0.2236628879327327
37.0
119.0
200.0
318.0
397.0
223.0
0.22019681707024577
52.0
143.0
236.0
326.0
405.0
225.0
0.1882192436605692
71.0
131.0
223.0
305.0
393.0
228.0
0.18950095772743228
-1.0
145.0
217.0
304.0
380.0
230.0
0.316678340236346
-1.0
151.0
232.0
328.0
404.0
233.0
0.2508213023344676
-1.0
160.0
235.0
315.0
411.0
235.0
0.172599067290624
-1.0
162.0
237.0
316.0
402.0
236.0
0.1442028358578682
-1.0
-1.0
222.0
286.0
390.0
237.0
0.21950578689575195
-1.0
-1.0
226.0
330.0
416.0
238.0
0.1266113445162773
-1.0
-1.0
231.0
320.0
391.0
242.0
0.11843863129615784
-1.0
-1.0
242.0
332.0
422.0
243.0
0.14169014245271683
-1.0
-1.0
245.0
331.0
423.0
244.0
0.12009409070014954
-1.0
-1.0
247.0
334.0
418.0
245.0
0.2589651942253113
-1.0
-1.0
-1.0
298.0
410.0
246.0
0.21825134754180908
-1.0
-1.0
-1.0
310.0
417.0
247.0
0.1461719423532486
-1.0
-1.0
-1.0
313.0
414.0
248.0
0.147577702999115
-1.0
-1.0
-1.0
321.0
406.0
250.0
0.2080828696489334
-1.0
-1.0
-1.0
327.0
399.0
