78
7
0.0
0.155999121023342
16.0
96.0
164.0
235.0
322.0
1.0
0.1775445449166
11.0
83.0
159.0
240.0
323.0
2.0
0.14990897809366288
2.0
88.0
169.0
244.0
316.0
3.0
0.13976585189811885
5.0
80.0
157.0
237.0
314.0
4.0
0.15022483584471047
31.0
102.0
187.0
239.0
349.0
6.0
0.23823979751796287
7.0
78.0
162.0
236.0
315.0
7.0
0.1579421809874475
20.0
107.0
170.0
251.0
321.0
8.0
0.15216886647976935
6.0
92.0
171.0
263.0
325.0
9.0
0.15926560755178798
1.0
79.0
158.0
257.0
324.0
10.0
0.17076221317984164
29.0
85.0
182.0
250.0
317.0
11.0
0.18262019101530313
21.0
100.0
181.0
242.0
343.0
12.0
0.1762817186004213
4.0
87.0
177.0
241.0
319.0
13.0
0.17149590398184955
17.0
94.0
175.0
258.0
348.0
15.0
0.17190195829607546
15.0
117.0
178.0
290.0
364.0
16.0
0.1202403410570696
24.0
95.0
194.0
247.0
341.0
17.0
0.16697516112390076
0.0
81.0
160.0
238.0
330.0
18.0
0.16564258231028361
30.0
101.0
161.0
270.0
320.0
19.0
0.20188013766892254
34.0
113.0
196.0
289.0
386.0
20.0
0.16474410542286932
12.0
110.0
179.0
266.0
331.0
21.0
0.14842344879707525
22.0
90.0
165.0
259.0
337.0
22.0
0.22015832061879337
9.0
93.0
166.0
248.0
329.0
23.0
0.16400107881054282
53.0
121.0
174.0
271.0
366.0
24.0
0.17842218838632107
13.0
97.0
183.0
245.0
318.0
25.0
0.2301525891662095
28.0
104.0
168.0
267.0
352.0
27.0
0.12227065734168718
32.0
140.0
215.0
282.0
342.0
28.0
0.16570510994642973
45.0
120.0
188.0
278.0
345.0
30.0
0.1762124167289585
18.0
86.0
190.0
279.0
357.0
31.0
0.17517556878738105
36.0
129.0
202.0
276.0
362.0
32.0
0.16445035370998085
43.0
112.0
193.0
272.0
346.0
33.0
0.18225599313154817
14.0
89.0
184.0
246.0
328.0
34.0
0.16008580871857703
19.0
105.0
163.0
256.0
340.0
35.0
0.17377000488340855
8.0
82.0
205.0
264.0
332.0
36.0
0.14514025436255906
10.0
84.0
167.0
260.0
326.0
37.0
0.2054793331772089
25.0
91.0
186.0
253.0
344.0
38.0
0.22551240522216176
23.0
125.0
192.0
254.0
338.0
39.0
0.13915976113639772
27.0
106.0
195.0
265.0
354.0
40.0
0.17483465346049343
46.0
116.0
209.0
269.0
361.0
41.0
0.20494992495514452
41.0
115.0
185.0
268.0
350.0
43.0
0.15276140975765884
26.0
133.0
197.0
262.0
327.0
44.0
0.16776140569709241
50.0
124.0
173.0
274.0
347.0
45.0
0.14110137475654483
44.0
137.0
221.0
249.0
333.0
46.0
0.3298829020932317
42.0
123.0
199.0
281.0
355.0
49.0
0.22704826806966596
39.0
119.0
191.0
280.0
396.0
50.0
0.1424958977249844
52.0
139.0
206.0
304.0
383.0
51.0
0.16511839092709124
57.0
103.0
217.0
303.0
372.0
52.0
0.21735534271192591
37.0
98.0
172.0
286.0
374.0
53.0
0.19448688998818398
60.0
122.0
212.0
307.0
376.0
54.0
0.15476323035545647
58.0
138.0
229.0
277.0
393.0
55.0
0.1780690357554704
48.0
132.0
210.0
283.0
358.0
57.0
0.16712414462654124
54.0
134.0
208.0
292.0
380.0
58.0
0.17794070469017242
61.0
131.0
203.0
295.0
353.0
64.0
0.2294881002881084
67.0
142.0
211.0
285.0
381.0
65.0
0.15357788418714335
63.0
146.0
223.0
300.0
368.0
67.0
0.14259909222437273
59.0
136.0
216.0
287.0
390.0
68.0
0.24236338445916772
56.0
151.0
231.0
288.0
356.0
70.0
0.15620655450038612
68.0
130.0
214.0
284.0
359.0
75.0
0.16507556309170468
55.0
126.0
220.0
298.0
373.0
79.0
0.1960078589618206
47.0
147.0
222.0
305.0
336.0
80.0
0.17760149948298934
64.0
148.0
207.0
296.0
387.0
81.0
0.16378069296479225
65.0
99.0
200.0
273.0
363.0
82.0
0.16769074834883213
69.0
152.0
233.0
310.0
392.0
84.0
0.4086921662092209
73.0
153.0
227.0
312.0
382.0
85.0
0.26992952078580856
74.0
111.0
176.0
252.0
339.0
88.0
0.25358156363169354
-1.0
109.0
180.0
261.0
351.0
89.0
0.19444095591704053
-1.0
118.0
201.0
275.0
369.0
90.0
0.2903010000785192
-1.0
127.0
189.0
255.0
335.0
92.0
0.22563453018665316
-1.0
144.0
198.0
243.0
334.0
94.0
0.14997601757446927
-1.0
150.0
226.0
313.0
378.0
95.0
0.27942992001771927
-1.0
-1.0
213.0
294.0
377.0
96.0
0.19944588094949722
-1.0
-1.0
218.0
302.0
384.0
98.0
0.19585804641246796
-1.0
-1.0
230.0
297.0
389.0
100.0
0.18006929755210876
-1.0
-1.0
234.0
299.0
375.0
101.0
0.11752170324325562
-1.0
-1.0
-1.0
291.0
379.0
102.0
0.12962648272514343
-1.0
-1.0
-1.0
293.0
365.0
104.0
0.11977331340312958
-1.0
-1.0
-1.0
306.0
394.0
105.0
0.1763155162334442
-1.0
-1.0
-1.0
308.0
370.0
106.0
0.21826745569705963
-1.0
-1.0
-1.0
309.0
395.0
107.0
0.1945725679397583
-1.0
-1.0
-1.0
311.0
391.0
