72
7
0.0
0.14404813572764397
0.0
79.0
174.0
254.0
322.0
1.0
0.17172976583242416
1.0
80.0
169.0
241.0
317.0
2.0
0.1526948305836413
2.0
81.0
160.0
246.0
327.0
3.0
0.14088952168822289
3.0
82.0
163.0
238.0
315.0
4.0
0.15874521806836128
4.0
83.0
189.0
260.0
345.0
6.0
0.2000425602600444
6.0
85.0
165.0
236.0
320.0
7.0
0.1434304341673851
7.0
86.0
178.0
265.0
328.0
8.0
0.12825273349881172
8.0
87.0
164.0
250.0
329.0
9.0
0.14784110081382096
9.0
88.0
159.0
237.0
316.0
10.0
0.1487472541630268
10.0
89.0
187.0
243.0
340.0
11.0
0.1737431138753891
11.0
90.0
179.0
258.0
339.0
12.0
0.18115456579107558
12.0
91.0
162.0
245.0
335.0
13.0
0.1655169539153576
13.0
92.0
175.0
252.0
333.0
15.0
0.1466151811182499
15.0
94.0
173.0
275.0
336.0
16.0
0.10553240962326527
16.0
95.0
182.0
253.0
352.0
17.0
0.15589378950971877
17.0
96.0
158.0
239.0
318.0
18.0
0.17386176927539054
18.0
97.0
188.0
259.0
319.0
19.0
0.19097301736474037
19.0
98.0
192.0
271.0
354.0
20.0
0.15006707981228828
20.0
99.0
170.0
268.0
337.0
21.0
0.13785749282396864
21.0
100.0
180.0
248.0
323.0
22.0
0.18691543862223625
22.0
101.0
167.0
251.0
324.0
23.0
0.1585223749279976
23.0
102.0
211.0
279.0
332.0
24.0
0.16685384511947632
24.0
103.0
171.0
255.0
341.0
25.0
0.1876164259010693
25.0
104.0
186.0
262.0
326.0
26.0
0.19098513886274304
26.0
105.0
191.0
266.0
362.0
27.0
0.12400655056990217
27.0
106.0
190.0
298.0
373.0
28.0
0.15170139074325562
28.0
107.0
203.0
278.0
346.0
30.0
0.17263748869299889
30.0
109.0
176.0
244.0
348.0
31.0
0.1843874566257
31.0
110.0
194.0
287.0
360.0
32.0
0.15645672008395195
32.0
111.0
201.0
270.0
351.0
33.0
0.18126938492059708
33.0
112.0
172.0
247.0
342.0
34.0
0.16187283769249916
34.0
113.0
177.0
263.0
321.0
35.0
0.16071096062660217
35.0
114.0
166.0
240.0
363.0
36.0
0.13504053562064655
36.0
115.0
168.0
242.0
325.0
37.0
0.1973762959241867
37.0
116.0
183.0
249.0
344.0
38.0
0.21099943471926963
38.0
117.0
181.0
283.0
350.0
39.0
0.13065725192427635
39.0
118.0
185.0
264.0
353.0
40.0
0.14853343649883755
40.0
119.0
204.0
274.0
367.0
41.0
0.21608785167336464
41.0
120.0
199.0
273.0
343.0
43.0
0.14800558611750603
43.0
122.0
184.0
291.0
355.0
44.0
0.166163619607687
44.0
123.0
208.0
282.0
331.0
45.0
0.13937482982873917
45.0
124.0
202.0
295.0
379.0
46.0
0.23705090582370758
46.0
125.0
200.0
281.0
357.0
47.0
0.20527490600943565
47.0
126.0
207.0
286.0
382.0
49.0
0.20868090704607314
49.0
128.0
197.0
277.0
349.0
50.0
0.12491576727188658
50.0
129.0
210.0
297.0
364.0
51.0
0.15642047300934792
51.0
130.0
215.0
261.0
375.0
52.0
0.21347973436058965
52.0
131.0
195.0
256.0
330.0
53.0
0.18137440085411072
53.0
132.0
218.0
280.0
370.0
54.0
0.14040525630116463
54.0
133.0
216.0
296.0
387.0
55.0
0.20574914291501045
55.0
134.0
206.0
290.0
368.0
57.0
0.15805548410571646
57.0
136.0
212.0
292.0
366.0
58.0
0.1671319137312821
58.0
137.0
219.0
289.0
361.0
64.0
0.18913128539861646
64.0
143.0
225.0
300.0
369.0
65.0
0.14895714238809887
65.0
144.0
221.0
304.0
381.0
67.0
0.13821933399594855
67.0
146.0
217.0
294.0
374.0
68.0
0.22726456075906754
68.0
147.0
214.0
309.0
389.0
70.0
0.14545265957713127
70.0
149.0
226.0
288.0
372.0
72.0
0.23918583616614342
72.0
151.0
220.0
293.0
386.0
75.0
0.16167587904783431
75.0
154.0
213.0
284.0
378.0
79.0
0.22526735067367554
-1.0
-1.0
205.0
305.0
380.0
80.0
0.19146162271499634
-1.0
-1.0
222.0
306.0
365.0
81.0
0.18070847541093826
-1.0
-1.0
223.0
257.0
358.0
82.0
0.1626749262213707
-1.0
-1.0
227.0
310.0
391.0
84.0
0.3762027472257614
-1.0
-1.0
231.0
311.0
385.0
85.0
0.3189389854669571
-1.0
-1.0
232.0
269.0
334.0
86.0
0.2930181175470352
-1.0
-1.0
233.0
312.0
383.0
88.0
0.22853127121925354
-1.0
-1.0
-1.0
267.0
338.0
89.0
0.17189234495162964
-1.0
-1.0
-1.0
276.0
359.0
90.0
0.33539432287216187
-1.0
-1.0
-1.0
285.0
347.0
92.0
0.24776051938533783
-1.0
-1.0
-1.0
302.0
356.0
94.0
0.18787473440170288
-1.0
-1.0
-1.0
308.0
384.0
