75
7
0.0
0.19997945274424112
4.0
83.0
159.0
244.0
319.0
1.0
0.20469587500172537
8.0
85.0
165.0
256.0
318.0
2.0
0.2026914296536352
20.0
109.0
180.0
239.0
327.0
3.0
0.16301754250572387
18.0
84.0
166.0
248.0
320.0
4.0
0.18735364366274965
30.0
111.0
193.0
255.0
342.0
6.0
0.23545197065824722
5.0
82.0
176.0
267.0
324.0
7.0
0.19363535990540726
0.0
81.0
177.0
242.0
326.0
8.0
0.18766862575018095
1.0
97.0
183.0
246.0
334.0
9.0
0.21538575428571183
3.0
102.0
162.0
260.0
338.0
10.0
0.18858290605695416
29.0
95.0
161.0
252.0
343.0
11.0
0.22904589703729528
16.0
89.0
167.0
262.0
337.0
12.0
0.18007834435086498
15.0
106.0
160.0
235.0
341.0
13.0
0.21046160585906293
31.0
131.0
185.0
250.0
331.0
15.0
0.21030611761071683
44.0
135.0
220.0
264.0
373.0
16.0
0.17874124091348342
33.0
110.0
199.0
280.0
369.0
17.0
0.17661448754897865
13.0
87.0
163.0
237.0
345.0
18.0
0.19103606487167635
11.0
99.0
184.0
247.0
332.0
20.0
0.17607147473069418
28.0
119.0
194.0
249.0
348.0
21.0
0.176543685750788
17.0
108.0
170.0
243.0
330.0
22.0
0.20645854849528789
7.0
100.0
175.0
238.0
325.0
23.0
0.18345991137655204
32.0
92.0
200.0
265.0
352.0
24.0
0.2291355521998355
6.0
116.0
164.0
241.0
368.0
25.0
0.22629989760697788
10.0
124.0
172.0
251.0
333.0
27.0
0.16140331743726372
37.0
125.0
202.0
240.0
336.0
28.0
0.24051271438626998
27.0
129.0
168.0
263.0
349.0
30.0
0.19425992128085667
39.0
105.0
173.0
288.0
372.0
31.0
0.272784526364358
58.0
136.0
213.0
302.0
374.0
32.0
0.24137036124464473
49.0
142.0
195.0
277.0
364.0
33.0
0.24101891338538195
35.0
91.0
169.0
276.0
329.0
34.0
0.19716464120239507
14.0
113.0
204.0
268.0
351.0
35.0
0.23485993274485395
21.0
122.0
179.0
257.0
323.0
36.0
0.19485307328617932
42.0
98.0
192.0
270.0
344.0
37.0
0.2317161962652392
9.0
114.0
203.0
254.0
339.0
38.0
0.25491094646819407
26.0
103.0
191.0
279.0
356.0
39.0
0.19887012928142767
23.0
118.0
206.0
281.0
359.0
40.0
0.20294242150477285
48.0
151.0
210.0
266.0
353.0
41.0
0.22853356151634685
50.0
121.0
198.0
289.0
360.0
43.0
0.1928567521252198
54.0
88.0
174.0
297.0
328.0
44.0
0.18539617507141415
12.0
115.0
216.0
258.0
367.0
45.0
0.19680736544056998
41.0
144.0
190.0
293.0
346.0
46.0
0.3543119139564652
40.0
117.0
212.0
282.0
366.0
52.0
0.2855853240126611
22.0
96.0
188.0
299.0
389.0
53.0
0.20723436953568353
43.0
128.0
219.0
283.0
376.0
58.0
0.20473380112568482
46.0
133.0
222.0
286.0
379.0
64.0
0.28038131652589704
69.0
150.0
218.0
287.0
382.0
67.0
0.20479255272181057
70.0
138.0
214.0
307.0
395.0
68.0
0.34462160640041617
55.0
132.0
225.0
313.0
393.0
70.0
0.20451536029780115
56.0
134.0
196.0
294.0
354.0
79.0
0.20860960528460737
76.0
145.0
226.0
312.0
386.0
84.0
0.31498653629182627
62.0
153.0
211.0
278.0
377.0
85.0
0.24178035485863347
38.0
90.0
181.0
259.0
347.0
88.0
0.25122933131706304
2.0
93.0
171.0
236.0
321.0
89.0
0.2301323248987046
64.0
123.0
197.0
253.0
340.0
90.0
0.3168834891471306
45.0
126.0
201.0
285.0
398.0
92.0
0.1989238700666647
34.0
101.0
208.0
272.0
375.0
100.0
0.24184220398183243
65.0
152.0
189.0
274.0
371.0
102.0
0.17865756922765286
51.0
139.0
217.0
295.0
350.0
108.0
0.18397861680568894
36.0
104.0
178.0
275.0
365.0
110.0
0.23391629500838465
24.0
86.0
186.0
261.0
355.0
122.0
0.27539438707754016
72.0
127.0
223.0
301.0
396.0
125.0
0.23011640645563602
68.0
112.0
205.0
269.0
384.0
126.0
0.2987581230700016
57.0
146.0
229.0
292.0
387.0
128.0
0.23493840824812648
80.0
155.0
221.0
296.0
380.0
132.0
0.23834131937474012
71.0
130.0
207.0
291.0
397.0
138.0
0.24575892463326454
75.0
107.0
187.0
284.0
370.0
139.0
0.29559139534831047
77.0
137.0
209.0
290.0
361.0
141.0
0.28076231479644775
-1.0
94.0
182.0
245.0
322.0
149.0
0.2371474727988243
-1.0
-1.0
224.0
305.0
394.0
150.0
0.2415134534239769
-1.0
-1.0
230.0
298.0
357.0
151.0
0.23502648621797562
-1.0
-1.0
231.0
271.0
358.0
153.0
0.1915275752544403
-1.0
-1.0
233.0
308.0
392.0
154.0
0.29377734661102295
-1.0
-1.0
234.0
273.0
363.0
155.0
0.2663877308368683
-1.0
-1.0
-1.0
300.0
385.0
157.0
0.2678644359111786
-1.0
-1.0
-1.0
309.0
391.0
163.0
0.24674031138420105
-1.0
-1.0
-1.0
317.0
390.0
