75
7
0.0
0.1680882801644175
1.0
102.0
173.0
266.0
359.0
1.0
0.21368303917350973
20.0
99.0
172.0
270.0
354.0
2.0
0.16983962612436632
16.0
91.0
187.0
294.0
339.0
3.0
0.1704196822647875
17.0
92.0
197.0
262.0
340.0
4.0
0.1770096607393873
41.0
117.0
201.0
293.0
374.0
6.0
0.20416916732006507
0.0
90.0
191.0
263.0
347.0
7.0
0.18677779565540417
3.0
86.0
190.0
260.0
350.0
8.0
0.1652210632241158
21.0
108.0
194.0
290.0
363.0
9.0
0.165791463019051
23.0
110.0
193.0
291.0
356.0
10.0
0.17435012991124554
35.0
101.0
198.0
285.0
377.0
11.0
0.1988370029993653
18.0
85.0
192.0
261.0
367.0
12.0
0.18053357607959347
10.0
94.0
176.0
281.0
360.0
13.0
0.17920006810439568
9.0
121.0
210.0
295.0
365.0
16.0
0.16951042325820756
46.0
120.0
216.0
284.0
379.0
17.0
0.17438003061368385
34.0
97.0
208.0
289.0
373.0
18.0
0.21317898170373545
8.0
104.0
202.0
292.0
372.0
20.0
0.18118807825909555
32.0
123.0
182.0
271.0
353.0
21.0
0.195943836458725
12.0
93.0
196.0
265.0
342.0
22.0
0.18826256572131445
30.0
88.0
177.0
272.0
341.0
23.0
0.20050821200666893
7.0
109.0
203.0
264.0
364.0
24.0
0.18178181674581673
40.0
113.0
174.0
306.0
388.0
25.0
0.19608655294877125
39.0
122.0
211.0
296.0
378.0
27.0
0.14172809037667944
11.0
126.0
212.0
304.0
355.0
28.0
0.17387915867603115
14.0
87.0
200.0
298.0
343.0
30.0
0.1947723529032378
15.0
111.0
186.0
299.0
361.0
32.0
0.206088183047911
72.0
125.0
219.0
312.0
389.0
33.0
0.19859591207139923
22.0
114.0
189.0
274.0
346.0
34.0
0.1573250143485022
24.0
95.0
195.0
277.0
352.0
35.0
0.21885495622877876
4.0
84.0
179.0
279.0
351.0
36.0
0.1747846963680199
5.0
112.0
178.0
267.0
362.0
37.0
0.1994834735874676
13.0
115.0
204.0
278.0
358.0
38.0
0.23364565109324031
43.0
145.0
214.0
286.0
396.0
39.0
0.1930139616921948
49.0
130.0
222.0
302.0
380.0
40.0
0.1959123936242824
44.0
161.0
226.0
314.0
390.0
41.0
0.30093598931033505
60.0
144.0
246.0
309.0
406.0
43.0
0.17456185863172316
19.0
116.0
181.0
287.0
368.0
44.0
0.17167489483082257
65.0
141.0
239.0
318.0
403.0
45.0
0.19471101565373455
50.0
136.0
215.0
303.0
357.0
46.0
0.28023672297089885
52.0
150.0
227.0
319.0
393.0
53.0
0.2094456447444401
31.0
119.0
209.0
275.0
375.0
58.0
0.24423663663678258
66.0
138.0
254.0
321.0
413.0
67.0
0.2737956395753301
69.0
149.0
259.0
330.0
414.0
68.0
0.2374353341966055
74.0
160.0
221.0
317.0
407.0
70.0
0.18289196498722815
36.0
135.0
225.0
288.0
366.0
84.0
0.23219719541686146
62.0
131.0
218.0
316.0
400.0
85.0
0.19978287149334562
6.0
107.0
185.0
269.0
348.0
88.0
0.2513529513300949
26.0
98.0
175.0
268.0
349.0
89.0
0.22205095064875047
33.0
105.0
207.0
297.0
384.0
92.0
0.183701922044676
37.0
162.0
250.0
337.0
412.0
100.0
0.2348897402197479
38.0
103.0
236.0
308.0
395.0
102.0
0.15101900177877153
55.0
129.0
206.0
305.0
398.0
108.0
0.2577314012223706
48.0
142.0
220.0
300.0
386.0
110.0
0.20509479897000374
29.0
100.0
205.0
307.0
385.0
122.0
0.20021998188444767
61.0
158.0
230.0
322.0
416.0
128.0
0.19627674460992048
68.0
137.0
231.0
320.0
382.0
138.0
0.21217173157289793
51.0
148.0
235.0
313.0
392.0
139.0
0.19040253869513535
59.0
133.0
213.0
282.0
370.0
141.0
0.2731171083480888
25.0
106.0
199.0
310.0
383.0
151.0
0.24882565781229005
27.0
96.0
180.0
283.0
344.0
163.0
0.21736467862092468
53.0
139.0
242.0
338.0
397.0
164.0
0.20855010334616964
2.0
89.0
183.0
276.0
345.0
165.0
0.24706565818178206
47.0
124.0
217.0
301.0
381.0
169.0
0.21661642705748818
28.0
127.0
188.0
273.0
371.0
171.0
0.18668066819009255
58.0
118.0
223.0
324.0
387.0
192.0
0.23191092442721128
42.0
146.0
234.0
315.0
404.0
196.0
0.20170088484883308
45.0
128.0
184.0
280.0
369.0
202.0
0.19049164652824402
76.0
156.0
240.0
323.0
408.0
206.0
0.17674441138903302
-1.0
134.0
244.0
333.0
405.0
207.0
0.21797366937001547
-1.0
153.0
237.0
326.0
399.0
208.0
0.4445429344971975
-1.0
157.0
245.0
334.0
409.0
210.0
0.22395306328932446
-1.0
167.0
248.0
331.0
402.0
217.0
0.25542571395635605
-1.0
-1.0
252.0
311.0
376.0
220.0
0.17833833396434784
-1.0
-1.0
-1.0
327.0
401.0
221.0
0.48255085945129395
-1.0
-1.0
-1.0
329.0
411.0
222.0
0.13789471983909607
-1.0
-1.0
-1.0
335.0
417.0
